-1.65,-1.60,1.20,0.01,30.00,-30.00,30.00,-30.00,
-1.66,-1.60,1.20,0.01,30.00,-30.00,30.00,-30.00,
-1.66,-1.60,1.19,0.01,30.00,-30.00,30.00,-30.00,
-1.67,-1.60,1.19,0.01,30.00,-30.00,30.00,-30.00,
-1.67,-1.61,1.18,0.01,30.00,-30.00,30.00,-30.00,
-1.67,-1.61,1.18,0.01,30.00,-30.00,30.00,-30.00,
-1.68,-1.61,1.17,0.01,30.00,-30.00,30.00,-30.00,
-1.68,-1.61,1.17,0.01,30.00,-30.00,30.00,-30.00,
-1.68,-1.62,1.16,0.01,30.00,-30.00,30.00,-30.00,
-1.68,-1.63,1.15,0.01,30.00,-30.00,30.00,-30.00,
-1.69,-1.63,1.15,0.01,30.00,-30.00,30.00,-30.00,
-1.69,-1.64,1.15,0.01,30.00,-30.00,30.00,-30.00,
-1.70,-1.65,1.14,0.01,30.00,-30.00,30.00,-30.00,
-1.70,-1.65,1.14,0.01,30.00,-30.00,30.00,-30.00,
-1.71,-1.66,1.14,0.01,30.00,-30.00,30.00,-30.00,
-1.72,-1.67,1.13,0.01,30.00,-30.00,30.00,-30.00,
-1.72,-1.67,1.13,0.01,30.00,-30.00,30.00,-30.00,
-1.73,-1.68,1.13,0.01,30.00,-30.00,30.00,-30.00,
-1.74,-1.69,1.13,0.01,30.00,-30.00,30.00,-30.00,
-1.75,-1.69,1.13,0.01,30.00,-30.00,30.00,-30.00,
-1.77,-1.70,1.13,0.01,30.00,-30.00,30.00,-30.00,
-1.77,-1.70,1.13,0.01,30.00,-30.00,30.00,-30.00,
-1.78,-1.70,1.12,0.01,30.00,-30.00,30.00,-30.00,
-1.78,-1.70,1.12,0.01,30.00,-30.00,30.00,-30.00,
-1.78,-1.70,1.12,0.01,30.00,-30.00,30.00,-30.00,
-1.78,-1.71,1.11,0.01,30.00,-30.00,30.00,-30.00,
-1.79,-1.71,1.11,0.01,30.00,-30.00,30.00,-30.00,
-1.79,-1.71,1.10,0.01,30.00,-30.00,30.00,-30.00,
-1.79,-1.71,1.10,0.01,30.00,-30.00,30.00,-30.00,
-1.80,-1.72,1.09,0.01,30.00,-30.00,30.00,-30.00,
-1.80,-1.72,1.09,0.01,30.00,-30.00,30.00,-30.00,
-1.81,-1.73,1.09,0.01,30.00,-30.00,30.00,-30.00,
-1.81,-1.74,1.08,0.01,30.00,-30.00,30.00,-30.00,
-1.82,-1.74,1.08,0.01,30.00,-30.00,30.00,-30.00,
-1.82,-1.75,1.08,0.01,30.00,-30.00,30.00,-30.00,
-1.83,-1.75,1.08,0.01,30.00,-30.00,30.00,-30.00,
-1.83,-1.76,1.08,0.01,30.00,-30.00,30.00,-30.00,
-1.84,-1.76,1.08,0.01,30.00,-30.00,30.00,-30.00,
-1.85,-1.77,1.07,0.01,30.00,-30.00,30.00,-30.00,
-1.85,-1.77,1.07,0.01,30.00,-30.00,30.00,-30.00,
-1.86,-1.78,1.07,0.01,30.00,-30.00,30.00,-30.00,
-1.86,-1.78,1.07,0.01,30.00,-30.00,30.00,-30.00,
-1.87,-1.78,1.07,0.01,30.00,-30.00,30.00,-30.00,
-1.87,-1.78,1.07,0.01,30.00,-30.00,30.00,-30.00,
-1.87,-1.78,1.06,0.01,30.00,-30.00,30.00,-30.00,
-1.88,-1.78,1.06,0.01,30.00,-30.00,30.00,-30.00,
-1.88,-1.78,1.06,0.01,30.00,-30.00,30.00,-30.00,
-1.88,-1.79,1.06,0.01,30.00,-30.00,30.00,-30.00,
-1.89,-1.79,1.05,0.01,30.00,-30.00,30.00,-30.00,
-1.89,-1.79,1.05,0.01,30.00,-30.00,30.00,-30.00,
-1.89,-1.79,1.05,0.01,30.00,-30.00,30.00,-30.00,
-1.90,-1.80,1.04,0.01,30.00,-30.00,30.00,-30.00,
-1.90,-1.80,1.04,0.01,30.00,-30.00,30.00,-30.00,
-1.90,-1.81,1.04,0.01,30.00,-30.00,30.00,-30.00,
-1.91,-1.81,1.04,0.01,30.00,-30.00,30.00,-30.00,
-1.91,-1.82,1.03,0.01,30.00,-30.00,30.00,-30.00,
-1.92,-1.82,1.03,0.01,30.00,-30.00,30.00,-30.00,
-1.92,-1.83,1.03,0.01,30.00,-30.00,30.00,-30.00,
-1.93,-1.83,1.03,0.01,30.00,-30.00,30.00,-30.00,
-1.93,-1.84,1.03,0.01,30.00,-30.00,30.00,-30.00,
-1.94,-1.84,1.03,0.01,30.00,-30.00,30.00,-30.00,
-1.94,-1.85,1.03,0.01,30.00,-30.00,30.00,-30.00,
-1.95,-1.85,1.03,0.01,30.00,-30.00,30.00,-30.00,
-1.95,-1.85,1.03,0.01,30.00,-30.00,30.00,-30.00,
-1.96,-1.85,1.02,0.01,30.00,-30.00,30.00,-30.00,
-1.96,-1.85,1.02,0.01,30.00,-30.00,30.00,-30.00,
-1.96,-1.85,1.02,0.01,30.00,-30.00,30.00,-30.00,
-1.97,-1.86,1.02,0.01,30.00,-30.00,30.00,-30.00,
-1.97,-1.86,1.02,0.01,30.00,-30.00,30.00,-30.00,
-1.97,-1.86,1.01,0.01,30.00,-30.00,30.00,-30.00,
-1.97,-1.86,1.01,0.01,30.00,-30.00,30.00,-30.00,
-1.98,-1.86,1.00,0.01,30.00,-30.00,30.00,-30.00,
-1.98,-1.87,1.00,0.01,30.00,-30.00,30.00,-30.00,
-1.98,-1.87,1.00,0.01,30.00,-30.00,30.00,-30.00,
-1.98,-1.87,1.00,0.01,30.00,-30.00,30.00,-30.00,
-1.99,-1.88,1.00,0.01,30.00,-30.00,30.00,-30.00,
-1.99,-1.88,0.99,0.01,30.00,-30.00,30.00,-30.00,
-2.00,-1.89,0.99,0.01,30.00,-30.00,30.00,-30.00,
-2.00,-1.89,0.99,0.01,30.00,-30.00,30.00,-30.00,
-2.01,-1.90,0.99,0.01,30.00,-30.00,30.00,-30.00,
-2.02,-1.90,0.99,0.01,30.00,-30.00,30.00,-30.00,
-2.02,-1.91,0.99,0.01,30.00,-30.00,30.00,-30.00,
-2.03,-1.91,0.98,0.01,30.00,-30.00,30.00,-30.00,
-2.03,-1.91,0.98,0.01,30.00,-30.00,30.00,-30.00,
-2.03,-1.91,0.98,0.01,30.00,-30.00,30.00,-30.00,
-2.04,-1.91,0.98,0.01,30.00,-30.00,30.00,-30.00,
-2.04,-1.92,0.98,0.01,30.00,-30.00,30.00,-30.00,
-2.04,-1.92,0.98,0.01,30.00,-30.00,30.00,-30.00,
-2.04,-1.92,0.97,0.01,30.00,-30.00,30.00,-30.00,
-2.05,-1.92,0.97,0.01,30.00,-30.00,30.00,-30.00,
-2.05,-1.92,0.97,0.01,30.00,-30.00,30.00,-30.00,
-2.05,-1.92,0.97,0.01,30.00,-30.00,30.00,-30.00,
-2.05,-1.93,0.97,0.01,30.00,-30.00,30.00,-30.00,
-2.06,-1.93,0.97,0.01,30.00,-30.00,30.00,-30.00,
-2.06,-1.93,0.96,0.01,30.00,-30.00,30.00,-30.00,
-2.06,-1.93,0.96,0.01,30.00,-30.00,30.00,-30.00,
-2.07,-1.94,0.95,0.01,30.00,-30.00,30.00,-30.00,
-2.07,-1.94,0.96,0.01,30.00,-30.00,30.00,-30.00,
-2.08,-1.95,0.96,0.01,30.00,-30.00,30.00,-30.00,
-2.09,-1.96,0.95,0.01,30.00,-30.00,30.00,-30.00,
-2.09,-1.96,0.95,0.01,30.00,-30.00,30.00,-30.00,
-2.09,-1.96,0.95,0.01,30.00,-30.00,30.00,-30.00,
-2.10,-1.97,0.95,0.01,30.00,-30.00,30.00,-30.00,
-2.10,-1.97,0.95,0.01,30.00,-30.00,30.00,-30.00,
-2.10,-1.97,0.95,0.01,30.00,-30.00,30.00,-30.00,
-2.11,-1.97,0.94,0.01,30.00,-30.00,30.00,-30.00,
-2.11,-1.97,0.94,0.01,30.00,-30.00,30.00,-30.00,
-2.11,-1.97,0.94,0.01,30.00,-30.00,30.00,-30.00,
-2.11,-1.97,0.94,0.01,30.00,-30.00,30.00,-30.00,
-2.11,-1.97,0.94,0.01,30.00,-30.00,30.00,-30.00,
-2.12,-1.97,0.94,0.01,30.00,-30.00,30.00,-30.00,
-2.12,-1.97,0.93,0.01,30.00,-30.00,30.00,-30.00,
-2.12,-1.98,0.92,0.01,30.00,-30.00,30.00,-30.00,
-2.13,-1.98,0.93,0.01,30.00,-30.00,30.00,-30.00,
-2.13,-1.98,0.93,0.01,30.00,-30.00,30.00,-30.00,
-2.13,-1.98,0.93,0.01,30.00,-30.00,30.00,-30.00,
-2.14,-1.98,0.93,0.01,30.00,-30.00,30.00,-30.00,
-2.14,-1.99,0.92,0.01,30.00,-30.00,30.00,-30.00,
-2.14,-1.99,0.92,0.01,30.00,-30.00,30.00,-30.00,
-2.15,-1.99,0.92,0.01,30.00,-30.00,30.00,-30.00,
-2.15,-2.00,0.92,0.01,30.00,-30.00,30.00,-30.00,
-2.15,-2.00,0.93,0.01,30.00,-30.00,30.00,-30.00,
-2.16,-2.00,0.93,0.01,30.00,-30.00,30.00,-30.00,
-2.16,-2.00,0.92,0.01,30.00,-30.00,30.00,-30.00,
-2.17,-2.01,0.92,0.01,30.00,-30.00,30.00,-30.00,
-2.17,-2.01,0.91,0.01,30.00,-30.00,30.00,-30.00,
-2.17,-2.01,0.92,0.01,30.00,-30.00,30.00,-30.00,
-2.17,-2.01,0.92,0.01,30.00,-30.00,30.00,-30.00,
-2.17,-2.01,0.92,0.01,30.00,-30.00,30.00,-30.00,
-2.17,-2.01,0.91,0.01,30.00,-30.00,30.00,-30.00,
-2.18,-2.01,0.91,0.01,30.00,-30.00,30.00,-30.00,
-2.18,-2.01,0.91,0.01,30.00,-30.00,30.00,-30.00,
-2.18,-2.01,0.91,0.01,30.00,-30.00,30.00,-30.00,
-2.18,-2.01,0.91,0.01,30.00,-30.00,30.00,-30.00,
-2.18,-2.01,0.91,0.01,30.00,-30.00,30.00,-30.00,
-2.19,-2.01,0.91,0.01,30.00,-30.00,30.00,-30.00,
-2.19,-2.01,0.90,0.01,30.00,-30.00,30.00,-30.00,
-2.19,-2.02,0.90,0.01,30.00,-30.00,30.00,-30.00,
-2.20,-2.02,0.90,0.01,30.00,-30.00,30.00,-30.00,
-2.20,-2.02,0.90,0.01,30.00,-30.00,30.00,-30.00,
-2.21,-2.03,0.90,0.01,30.00,-30.00,30.00,-30.00,
-2.21,-2.03,0.90,0.01,30.00,-30.00,30.00,-30.00,
-2.21,-2.03,0.90,0.01,30.00,-30.00,30.00,-30.00,
-2.22,-2.03,0.89,0.01,30.00,-30.00,30.00,-30.00,
-2.22,-2.04,0.89,0.01,30.00,-30.00,30.00,-30.00,
-2.22,-2.04,0.89,0.01,30.00,-30.00,30.00,-30.00,
-2.22,-2.04,0.89,0.01,30.00,-30.00,30.00,-30.00,
-2.22,-2.04,0.89,0.01,30.00,-30.00,30.00,-30.00,
-2.23,-2.04,0.89,0.01,30.00,-30.00,30.00,-30.00,
-2.23,-2.04,0.89,0.01,30.00,-30.00,30.00,-30.00,
-2.23,-2.04,0.88,0.01,30.00,-30.00,30.00,-30.00,
-2.23,-2.04,0.88,0.01,30.00,-30.00,30.00,-30.00,
-2.24,-2.04,0.88,0.01,30.00,-30.00,30.00,-30.00,
-2.24,-2.04,0.88,0.01,30.00,-30.00,30.00,-30.00,
-2.24,-2.04,0.88,0.01,30.00,-30.00,30.00,-30.00,
-2.24,-2.04,0.88,0.01,30.00,-30.00,30.00,-30.00,
-2.24,-2.04,0.88,0.01,30.00,-30.00,30.00,-30.00,
-2.25,-2.05,0.88,0.01,30.00,-30.00,30.00,-30.00,
-2.25,-2.05,0.88,0.01,30.00,-30.00,30.00,-30.00,
-2.25,-2.05,0.88,0.01,30.00,-30.00,30.00,-30.00,
-2.26,-2.05,0.88,0.01,30.00,-30.00,30.00,-30.00,
-2.26,-2.05,0.88,0.01,30.00,-30.00,30.00,-30.00,
-2.26,-2.06,0.88,0.01,30.00,-30.00,30.00,-30.00,
-2.26,-2.06,0.87,0.01,30.00,-30.00,30.00,-30.00,
-2.27,-2.06,0.87,0.01,30.00,-30.00,30.00,-30.00,
-2.27,-2.06,0.88,0.01,30.00,-30.00,30.00,-30.00,
-2.27,-2.06,0.87,0.01,30.00,-30.00,30.00,-30.00,
-2.27,-2.06,0.87,0.01,30.00,-30.00,30.00,-30.00,
-2.27,-2.06,0.87,0.01,30.00,-30.00,30.00,-30.00,
-2.28,-2.07,0.87,0.01,30.00,-30.00,30.00,-30.00,
-2.28,-2.07,0.87,0.01,30.00,-30.00,30.00,-30.00,
-2.28,-2.07,0.87,0.01,30.00,-30.00,30.00,-30.00,
-2.28,-2.07,0.87,0.01,30.00,-30.00,30.00,-30.00,
-2.28,-2.07,0.87,0.01,30.00,-30.00,30.00,-30.00,
-2.28,-2.07,0.87,0.01,30.00,-30.00,30.00,-30.00,
-2.29,-2.07,0.86,0.01,30.00,-30.00,30.00,-30.00,
-2.29,-2.07,0.86,0.01,30.00,-30.00,30.00,-30.00,
-2.29,-2.07,0.86,0.01,30.00,-30.00,30.00,-30.00,
-2.29,-2.07,0.86,0.01,30.00,-30.00,30.00,-30.00,
-2.29,-2.07,0.86,0.01,30.00,-30.00,30.00,-30.00,
-2.29,-2.07,0.86,0.01,30.00,-30.00,30.00,-30.00,
-2.30,-2.08,0.86,0.01,30.00,-30.00,30.00,-30.00,
-2.30,-2.08,0.86,0.01,30.00,-30.00,30.00,-30.00,
-2.30,-2.08,0.86,0.01,30.00,-30.00,30.00,-30.00,
-2.30,-2.08,0.86,0.01,30.00,-30.00,30.00,-30.00,
-2.31,-2.08,0.86,0.01,30.00,-30.00,30.00,-30.00,
-2.31,-2.09,0.86,0.01,30.00,-30.00,30.00,-30.00,
-2.31,-2.09,0.86,0.01,30.00,-30.00,30.00,-30.00,
-2.31,-2.09,0.85,0.01,30.00,-30.00,30.00,-30.00,
-2.31,-2.09,0.85,0.01,30.00,-30.00,30.00,-30.00,
-2.31,-2.09,0.85,0.01,30.00,-30.00,30.00,-30.00,
-2.32,-2.09,0.85,0.01,30.00,-30.00,30.00,-30.00,
-2.32,-2.09,0.85,0.01,30.00,-30.00,30.00,-30.00,
-2.32,-2.09,0.85,0.01,30.00,-30.00,30.00,-30.00,
-2.32,-2.10,0.85,0.01,30.00,-30.00,30.00,-30.00,
-2.32,-2.10,0.85,0.01,30.00,-30.00,30.00,-30.00,
-2.33,-2.10,0.85,0.01,30.00,-30.00,30.00,-30.00,
-2.33,-2.10,0.85,0.01,30.00,-30.00,30.00,-30.00,
-2.33,-2.10,0.85,0.01,30.00,-30.00,30.00,-30.00,
-2.33,-2.10,0.85,0.01,30.00,-30.00,30.00,-30.00,
-2.34,-2.10,0.84,0.01,30.00,-30.00,30.00,-30.00,
-2.34,-2.10,0.84,0.01,30.00,-30.00,30.00,-30.00,
-2.34,-2.11,0.84,0.01,30.00,-30.00,30.00,-30.00,
-2.34,-2.11,0.84,0.01,30.00,-30.00,30.00,-30.00,
-2.34,-2.11,0.84,0.01,30.00,-30.00,30.00,-30.00,
-2.34,-2.11,0.84,0.01,30.00,-30.00,30.00,-30.00,
-2.35,-2.11,0.84,0.01,30.00,-30.00,30.00,-30.00,
-2.35,-2.11,0.84,0.01,30.00,-30.00,30.00,-30.00,
-2.35,-2.11,0.84,0.01,30.00,-30.00,30.00,-30.00,
-2.35,-2.12,0.84,0.01,30.00,-30.00,30.00,-30.00,
-2.35,-2.12,0.84,0.01,30.00,-30.00,30.00,-30.00,
-2.35,-2.12,0.84,0.01,30.00,-30.00,30.00,-30.00,
-2.35,-2.12,0.84,0.01,30.00,-30.00,30.00,-30.00,
-2.35,-2.12,0.83,0.01,30.00,-30.00,30.00,-30.00,
-2.36,-2.12,0.83,0.01,30.00,-30.00,30.00,-30.00,
-2.36,-2.12,0.83,0.01,30.00,-30.00,30.00,-30.00,
-2.36,-2.12,0.83,0.01,30.00,-30.00,30.00,-30.00,
-2.36,-2.12,0.83,0.01,30.00,-30.00,30.00,-30.00,
-2.37,-2.12,0.83,0.01,30.00,-30.00,30.00,-30.00,
-2.37,-2.12,0.83,0.01,30.00,-30.00,30.00,-30.00,
-2.37,-2.12,0.84,0.01,30.00,-30.00,30.00,-30.00,
-2.37,-2.12,0.83,0.01,30.00,-30.00,30.00,-30.00,
-2.37,-2.13,0.83,0.01,30.00,-30.00,30.00,-30.00,
-2.38,-2.13,0.82,0.01,30.00,-30.00,30.00,-30.00,
-2.38,-2.13,0.82,0.01,30.00,-30.00,30.00,-30.00,
-2.38,-2.13,0.83,0.01,30.00,-30.00,30.00,-30.00,
-2.38,-2.13,0.83,0.01,30.00,-30.00,30.00,-30.00,
-2.38,-2.13,0.83,0.01,30.00,-30.00,30.00,-30.00,
-2.38,-2.13,0.83,0.01,30.00,-30.00,30.00,-30.00,
-2.38,-2.13,0.82,0.01,30.00,-30.00,30.00,-30.00,
-2.39,-2.13,0.82,0.01,30.00,-30.00,30.00,-30.00,
-2.39,-2.13,0.82,0.01,30.00,-30.00,30.00,-30.00,
-2.39,-2.13,0.83,0.01,30.00,-30.00,30.00,-30.00,
-2.39,-2.13,0.83,0.01,30.00,-30.00,30.00,-30.00,
-2.39,-2.13,0.83,0.01,30.00,-30.00,30.00,-30.00,
-2.40,-2.14,0.82,0.01,30.00,-30.00,30.00,-30.00,
-2.40,-2.14,0.81,0.01,30.00,-30.00,30.00,-30.00,
-2.40,-2.14,0.81,0.01,30.00,-30.00,30.00,-30.00,
-2.40,-2.14,0.82,0.01,30.00,-30.00,30.00,-30.00,
-2.40,-2.14,0.82,0.01,30.00,-30.00,30.00,-30.00,
-2.40,-2.14,0.82,0.01,30.00,-30.00,30.00,-30.00,
-2.41,-2.14,0.82,0.01,30.00,-30.00,30.00,-30.00,
-2.41,-2.14,0.81,0.01,30.00,-30.00,30.00,-30.00,
-2.41,-2.14,0.81,0.01,30.00,-30.00,30.00,-30.00,
-2.41,-2.14,0.81,0.01,30.00,-30.00,30.00,-30.00,
-2.41,-2.14,0.82,0.01,30.00,-30.00,30.00,-30.00,
-2.42,-2.14,0.82,0.01,30.00,-30.00,30.00,-30.00,
-2.42,-2.14,0.82,0.01,30.00,-30.00,30.00,-30.00,
-2.42,-2.15,0.81,0.01,30.00,-30.00,30.00,-30.00,
-2.42,-2.15,0.81,0.01,30.00,-30.00,30.00,-30.00,
-2.42,-2.15,0.81,0.01,30.00,-30.00,30.00,-30.00,
-2.42,-2.15,0.81,0.01,30.00,-30.00,30.00,-30.00,
-2.43,-2.15,0.81,0.01,30.00,-30.00,30.00,-30.00,
-2.43,-2.15,0.82,0.01,30.00,-30.00,30.00,-30.00,
-2.43,-2.15,0.81,0.01,30.00,-30.00,30.00,-30.00,
-2.43,-2.15,0.81,0.01,30.00,-30.00,30.00,-30.00,
-2.43,-2.15,0.80,0.01,30.00,-30.00,30.00,-30.00,
-2.43,-2.15,0.80,0.01,30.00,-30.00,30.00,-30.00,
-2.43,-2.16,0.81,0.01,30.00,-30.00,30.00,-30.00,
-2.43,-2.16,0.81,0.01,30.00,-30.00,30.00,-30.00,
-2.44,-2.16,0.81,0.01,30.00,-30.00,30.00,-30.00,
-2.44,-2.16,0.81,0.01,30.00,-30.00,30.00,-30.00,
-2.44,-2.16,0.80,0.01,30.00,-30.00,30.00,-30.00,
-2.44,-2.16,0.80,0.01,30.00,-30.00,30.00,-30.00,
-2.44,-2.16,0.80,0.01,30.00,-30.00,30.00,-30.00,
-2.44,-2.16,0.81,0.01,30.00,-30.00,30.00,-30.00,
-2.44,-2.16,0.81,0.01,30.00,-30.00,30.00,-30.00,
-2.44,-2.16,0.81,0.01,30.00,-30.00,30.00,-30.00,
-2.44,-2.16,0.80,0.01,30.00,-30.00,30.00,-30.00,
-2.45,-2.16,0.80,0.01,30.00,-30.00,30.00,-30.00,
-2.45,-2.16,0.80,0.01,30.00,-30.00,30.00,-30.00,
-2.45,-2.16,0.80,0.01,30.00,-30.00,30.00,-30.00,
-2.45,-2.16,0.80,0.01,30.00,-30.00,30.00,-30.00,
-2.45,-2.16,0.80,0.01,30.00,-30.00,30.00,-30.00,
-2.45,-2.16,0.80,0.01,30.00,-30.00,30.00,-30.00,
-2.45,-2.16,0.80,0.01,30.00,-30.00,30.00,-30.00,
-2.45,-2.16,0.80,0.01,30.00,-30.00,30.00,-30.00,
-2.45,-2.16,0.80,0.01,30.00,-30.00,30.00,-30.00,
-2.46,-2.16,0.80,0.01,30.00,-30.00,30.00,-30.00,
-2.46,-2.16,0.80,0.01,30.00,-30.00,30.00,-30.00,
-2.46,-2.17,0.80,0.01,30.00,-30.00,30.00,-30.00,
-2.46,-2.17,0.79,0.01,30.00,-30.00,30.00,-30.00,
-2.46,-2.17,0.80,0.01,30.00,-30.00,30.00,-30.00,
-2.47,-2.17,0.80,0.01,30.00,-30.00,30.00,-30.00,
-2.47,-2.17,0.80,0.01,30.00,-30.00,30.00,-30.00,
-2.47,-2.17,0.80,0.01,30.00,-30.00,30.00,-30.00,
-2.48,-2.18,0.79,0.01,30.00,-30.00,30.00,-30.00,
-2.48,-2.18,0.79,0.01,30.00,-30.00,30.00,-30.00,
-2.48,-2.18,0.79,0.01,30.00,-30.00,30.00,-30.00,
-2.48,-2.18,0.79,0.01,30.00,-30.00,30.00,-30.00,
-2.49,-2.18,0.79,0.01,30.00,-30.00,30.00,-30.00,
-2.49,-2.19,0.80,0.01,30.00,-30.00,30.00,-30.00,
-2.49,-2.19,0.80,0.01,30.00,-30.00,30.00,-30.00,
-2.49,-2.19,0.80,0.01,30.00,-30.00,30.00,-30.00,
-2.49,-2.19,0.79,0.01,30.00,-30.00,30.00,-30.00,
-2.49,-2.19,0.79,0.01,30.00,-30.00,30.00,-30.00,
-2.50,-2.19,0.79,0.01,30.00,-30.00,30.00,-30.00,
-2.50,-2.19,0.79,0.01,30.00,-30.00,30.00,-30.00,
-2.49,-2.19,0.79,0.01,30.00,-30.00,30.00,-30.00,
-2.49,-2.19,0.79,0.01,30.00,-30.00,30.00,-30.00,
-2.49,-2.19,0.79,0.01,30.00,-30.00,30.00,-30.00,
-2.50,-2.19,0.79,0.01,30.00,-30.00,30.00,-30.00,
-2.50,-2.19,0.79,0.01,30.00,-30.00,30.00,-30.00,
-2.50,-2.20,0.79,0.01,30.00,-30.00,30.00,-30.00,
-2.50,-2.20,0.79,0.01,30.00,-30.00,30.00,-30.00,
-2.50,-2.20,0.79,0.01,30.00,-30.00,30.00,-30.00,
-2.50,-2.20,0.79,0.01,30.00,-30.00,30.00,-30.00,
-2.51,-2.20,0.79,0.01,30.00,-30.00,30.00,-30.00,
-2.51,-2.20,0.79,0.01,30.00,-30.00,30.00,-30.00,
-2.51,-2.20,0.79,0.01,30.00,-30.00,30.00,-30.00,
-2.51,-2.20,0.79,0.01,30.00,-30.00,30.00,-30.00,
-2.52,-2.20,0.79,0.01,30.00,-30.00,30.00,-30.00,
-2.52,-2.20,0.79,0.01,30.00,-30.00,30.00,-30.00,
-2.52,-2.20,0.79,0.01,30.00,-30.00,30.00,-30.00,
-2.52,-2.21,0.79,0.01,30.00,-30.00,30.00,-30.00,
-2.52,-2.21,0.79,0.01,30.00,-30.00,30.00,-30.00,
-2.52,-2.21,0.79,0.01,30.00,-30.00,30.00,-30.00,
-2.52,-2.21,0.79,0.01,30.00,-30.00,30.00,-30.00,
-2.52,-2.21,0.79,0.01,30.00,-30.00,30.00,-30.00,
-2.52,-2.21,0.79,0.01,30.00,-30.00,30.00,-30.00,
-2.52,-2.21,0.78,0.01,30.00,-30.00,30.00,-30.00,
-2.52,-2.21,0.78,0.01,30.00,-30.00,30.00,-30.00,
-2.53,-2.21,0.78,0.01,30.00,-30.00,30.00,-30.00,
-2.53,-2.21,0.78,0.01,30.00,-30.00,30.00,-30.00,
-2.53,-2.21,0.78,0.01,30.00,-30.00,30.00,-30.00,
-2.53,-2.21,0.78,0.01,30.00,-30.00,30.00,-30.00,
-2.53,-2.21,0.78,0.01,30.00,-30.00,30.00,-30.00,
-2.53,-2.21,0.78,0.01,30.00,-30.00,30.00,-30.00,
-2.53,-2.21,0.78,0.01,30.00,-30.00,30.00,-30.00,
-2.54,-2.21,0.78,0.01,30.00,-30.00,30.00,-30.00,
-2.54,-2.22,0.79,0.01,30.00,-30.00,30.00,-30.00,
-2.54,-2.22,0.79,0.01,30.00,-30.00,30.00,-30.00,
-2.54,-2.22,0.78,0.01,30.00,-30.00,30.00,-30.00,
-2.54,-2.22,0.78,0.01,30.00,-30.00,30.00,-30.00,
-2.54,-2.22,0.78,0.01,30.00,-30.00,30.00,-30.00,
-2.54,-2.22,0.78,0.01,30.00,-30.00,30.00,-30.00,
-2.55,-2.22,0.78,0.01,30.00,-30.00,30.00,-30.00,
-2.55,-2.22,0.78,0.01,30.00,-30.00,30.00,-30.00,
-2.55,-2.22,0.78,0.01,30.00,-30.00,30.00,-30.00,
-2.55,-2.22,0.78,0.01,30.00,-30.00,30.00,-30.00,
-2.55,-2.22,0.78,0.01,30.00,-30.00,30.00,-30.00,
-2.55,-2.22,0.78,0.01,30.00,-30.00,30.00,-30.00,
-2.55,-2.22,0.78,0.01,30.00,-30.00,30.00,-30.00,
-2.55,-2.22,0.78,0.01,30.00,-30.00,30.00,-30.00,
-2.55,-2.22,0.78,0.01,30.00,-30.00,30.00,-30.00,
-2.55,-2.22,0.78,0.01,30.00,-30.00,30.00,-30.00,
-2.55,-2.22,0.78,0.01,30.00,-30.00,30.00,-30.00,
-2.55,-2.23,0.78,0.01,30.00,-30.00,30.00,-30.00,
-2.56,-2.23,0.78,0.01,30.00,-30.00,30.00,-30.00,
-2.56,-2.23,0.78,0.01,30.00,-30.00,30.00,-30.00,
-2.56,-2.23,0.78,0.01,30.00,-30.00,30.00,-30.00,
-2.56,-2.23,0.78,0.01,30.00,-30.00,30.00,-30.00,
-2.56,-2.23,0.78,0.01,30.00,-30.00,30.00,-30.00,
-2.56,-2.23,0.78,0.01,30.00,-30.00,30.00,-30.00,
-2.56,-2.24,0.78,0.01,30.00,-30.00,30.00,-30.00,
-2.56,-2.24,0.78,0.01,30.00,-30.00,30.00,-30.00,
-2.56,-2.24,0.78,0.01,30.00,-30.00,30.00,-30.00,
-2.56,-2.24,0.78,0.01,30.00,-30.00,30.00,-30.00,
-2.56,-2.24,0.78,0.01,30.00,-30.00,30.00,-30.00,
-2.56,-2.24,0.78,0.01,30.00,-30.00,30.00,-30.00,
-2.56,-2.24,0.78,0.01,30.00,-30.00,30.00,-30.00,
-2.57,-2.24,0.78,0.01,30.00,-30.00,30.00,-30.00,
-2.57,-2.24,0.78,0.01,30.00,-30.00,30.00,-30.00,
-2.57,-2.24,0.78,0.01,30.00,-30.00,30.00,-30.00,
-2.57,-2.24,0.78,0.01,30.00,-30.00,30.00,-30.00,
-2.57,-2.24,0.78,0.01,30.00,-30.00,30.00,-30.00,
-2.57,-2.24,0.78,0.01,30.00,-30.00,30.00,-30.00,
-2.57,-2.24,0.78,0.01,30.00,-30.00,30.00,-30.00,
-2.57,-2.24,0.78,0.01,30.00,-30.00,30.00,-30.00,
-2.57,-2.24,0.78,0.01,30.00,-30.00,30.00,-30.00,
-2.57,-2.24,0.78,0.01,30.00,-30.00,30.00,-30.00,
-2.57,-2.24,0.78,0.01,30.00,-30.00,30.00,-30.00,
-2.58,-2.24,0.78,0.01,30.00,-30.00,30.00,-30.00,
-2.58,-2.24,0.78,0.01,30.00,-30.00,30.00,-30.00,
-2.58,-2.24,0.78,0.01,30.00,-30.00,30.00,-30.00,
-2.58,-2.25,0.78,0.01,30.00,-30.00,30.00,-30.00,
-2.58,-2.25,0.78,0.01,30.00,-30.00,30.00,-30.00,
-2.58,-2.25,0.78,0.01,30.00,-30.00,30.00,-30.00,
-2.58,-2.25,0.78,0.01,30.00,-30.00,30.00,-30.00,
-2.58,-2.25,0.78,0.01,30.00,-30.00,30.00,-30.00,
-2.58,-2.25,0.78,0.01,30.00,-30.00,30.00,-30.00,
-2.58,-2.25,0.78,0.01,30.00,-30.00,30.00,-30.00,
-2.58,-2.25,0.78,0.01,30.00,-30.00,30.00,-30.00,
-2.58,-2.25,0.78,0.01,30.00,-30.00,30.00,-30.00,
-2.58,-2.25,0.78,0.01,30.00,-30.00,30.00,-30.00,
-2.59,-2.25,0.78,0.01,30.00,-30.00,30.00,-30.00,
-2.59,-2.25,0.78,0.01,30.00,-30.00,30.00,-30.00,
-2.59,-2.25,0.78,0.01,30.00,-30.00,30.00,-30.00,
-2.59,-2.25,0.78,0.01,30.00,-30.00,30.00,-30.00,
-2.59,-2.25,0.78,0.01,30.00,-30.00,30.00,-30.00,
-2.59,-2.25,0.78,0.01,30.00,-30.00,30.00,-30.00,
-2.59,-2.25,0.78,0.01,30.00,-30.00,30.00,-30.00,
-2.59,-2.26,0.78,0.01,30.00,-30.00,30.00,-30.00,
-2.59,-2.26,0.78,0.01,30.00,-30.00,30.00,-30.00,
-2.59,-2.26,0.78,0.01,30.00,-30.00,30.00,-30.00,
-2.60,-2.26,0.78,0.01,30.00,-30.00,30.00,-30.00,
-2.59,-2.26,0.78,0.01,30.00,-30.00,30.00,-30.00,
-2.60,-2.26,0.78,0.01,30.00,-30.00,30.00,-30.00,
-2.60,-2.26,0.78,0.01,30.00,-30.00,30.00,-30.00,
-2.60,-2.26,0.78,0.01,30.00,-30.00,30.00,-30.00,
-2.60,-2.26,0.78,0.01,30.00,-30.00,30.00,-30.00,
-2.60,-2.26,0.78,0.01,30.00,-30.00,30.00,-30.00,
-2.60,-2.26,0.78,0.01,30.00,-30.00,30.00,-30.00,
-2.60,-2.26,0.77,0.01,30.00,-30.00,30.00,-30.00,
-2.60,-2.26,0.77,0.01,30.00,-30.00,30.00,-30.00,
-2.60,-2.26,0.77,0.01,30.00,-30.00,30.00,-30.00,
-2.60,-2.26,0.77,0.01,30.00,-30.00,30.00,-30.00,
-2.60,-2.26,0.77,0.01,30.00,-30.00,30.00,-30.00,
-2.60,-2.26,0.77,0.01,30.00,-30.00,30.00,-30.00,
-2.60,-2.26,0.77,0.01,30.00,-30.00,30.00,-30.00,
-2.60,-2.26,0.77,0.01,30.00,-30.00,30.00,-30.00,
-2.60,-2.26,0.77,0.01,30.00,-30.00,30.00,-30.00,
-2.60,-2.26,0.77,0.01,30.00,-30.00,30.00,-30.00,
-2.60,-2.26,0.77,0.01,30.00,-30.00,30.00,-30.00,
-2.60,-2.26,0.77,0.01,30.00,-30.00,30.00,-30.00,
-2.60,-2.26,0.77,0.01,30.00,-30.00,30.00,-30.00,
-2.60,-2.26,0.77,0.01,30.00,-30.00,30.00,-30.00,
-2.61,-2.26,0.77,0.01,30.00,-30.00,30.00,-30.00,
-2.61,-2.26,0.77,0.01,30.00,-30.00,30.00,-30.00,
-2.61,-2.26,0.77,0.01,30.00,-30.00,30.00,-30.00,
-2.61,-2.26,0.77,0.01,30.00,-30.00,30.00,-30.00,
-2.61,-2.26,0.77,0.01,30.00,-30.00,30.00,-30.00,
-2.61,-2.26,0.77,0.01,30.00,-30.00,30.00,-30.00,
-2.61,-2.26,0.77,0.01,30.00,-30.00,30.00,-30.00,
-2.61,-2.27,0.77,0.01,30.00,-30.00,30.00,-30.00,
-2.61,-2.27,0.77,0.01,30.00,-30.00,30.00,-30.00,
-2.61,-2.27,0.77,0.01,30.00,-30.00,30.00,-30.00,
-2.61,-2.26,0.78,0.01,30.00,-30.00,30.00,-30.00,
-2.61,-2.27,0.78,0.01,30.00,-30.00,30.00,-30.00,
-2.61,-2.26,0.78,0.01,30.00,-30.00,30.00,-30.00,
-2.61,-2.26,0.77,0.01,30.00,-30.00,30.00,-30.00,
-2.61,-2.26,0.78,0.01,30.00,-30.00,30.00,-30.00,
-2.61,-2.26,0.78,0.01,-30.00,30.00,-30.00,30.00,
-2.61,-2.26,0.78,0.01,-30.00,30.00,-30.00,30.00,
-2.61,-2.26,0.78,0.01,-30.00,30.00,-30.00,30.00,
-2.61,-2.26,0.78,0.01,-30.00,30.00,-30.00,30.00,
-2.61,-2.26,0.78,0.01,-30.00,30.00,-30.00,30.00,
-2.61,-2.26,0.78,0.01,-30.00,30.00,-30.00,30.00,
-2.61,-2.26,0.78,0.01,-30.00,30.00,-30.00,30.00,
-2.61,-2.26,0.78,0.01,-30.00,30.00,-30.00,30.00,
-2.61,-2.26,0.78,0.01,-30.00,30.00,-30.00,30.00,
-2.61,-2.26,0.78,0.01,-30.00,30.00,-30.00,30.00,
-2.61,-2.26,0.78,0.01,-30.00,30.00,-30.00,30.00,
-2.61,-2.26,0.78,0.01,-30.00,30.00,-30.00,30.00,
-2.61,-2.26,0.78,0.01,-30.00,30.00,-30.00,30.00,
-2.61,-2.26,0.78,0.01,-30.00,30.00,-30.00,30.00,
-2.61,-2.26,0.78,0.01,30.00,-30.00,30.00,-30.00,
-2.61,-2.26,0.78,0.01,-30.00,30.00,-30.00,30.00,
-2.61,-2.26,0.78,0.01,-30.00,30.00,-30.00,30.00,
-2.62,-2.27,0.78,0.01,-30.00,30.00,-30.00,30.00,
-2.62,-2.26,0.78,0.01,-30.00,30.00,-30.00,30.00,
-2.62,-2.27,0.79,0.01,-30.00,30.00,-30.00,30.00,
-2.62,-2.27,0.79,0.01,-30.00,30.00,-30.00,30.00,
-2.62,-2.27,0.79,0.01,-30.00,30.00,-30.00,30.00,
-2.62,-2.27,0.79,0.01,-30.00,30.00,-30.00,30.00,
-2.63,-2.27,0.79,0.01,-30.00,30.00,-30.00,30.00,
-2.63,-2.27,0.79,0.01,-30.00,30.00,-30.00,30.00,
-2.63,-2.27,0.79,0.01,-30.00,30.00,-30.00,30.00,
-2.63,-2.27,0.79,0.01,-30.00,30.00,-30.00,30.00,
-2.63,-2.27,0.79,0.01,-30.00,30.00,-30.00,30.00,
-2.63,-2.27,0.79,0.01,-30.00,30.00,-30.00,30.00,
-2.63,-2.27,0.79,0.01,-30.00,30.00,-30.00,30.00,
-2.63,-2.27,0.79,0.01,-30.00,30.00,-30.00,30.00,
-2.63,-2.27,0.78,0.01,-30.00,30.00,-30.00,30.00,
-2.63,-2.27,0.78,0.01,-30.00,30.00,-30.00,30.00,
-2.63,-2.27,0.78,0.01,-30.00,30.00,-30.00,30.00,
-2.63,-2.27,0.78,0.01,-30.00,30.00,-30.00,30.00,
-2.63,-2.27,0.78,0.01,-30.00,30.00,-30.00,30.00,
-2.63,-2.27,0.79,0.01,-30.00,30.00,-30.00,30.00,
-2.63,-2.27,0.79,0.01,-30.00,30.00,-30.00,30.00,
-2.64,-2.27,0.79,0.01,-30.00,30.00,-30.00,30.00,
-2.64,-2.28,0.79,0.01,-30.00,30.00,-30.00,30.00,
-2.64,-2.28,0.79,0.01,-30.00,30.00,-30.00,30.00,
-2.64,-2.28,0.79,0.01,-30.00,30.00,-30.00,30.00,
-2.65,-2.28,0.79,0.01,-30.00,30.00,-30.00,30.00,
-2.65,-2.28,0.79,0.01,30.00,-30.00,30.00,-30.00,
-2.65,-2.28,0.79,0.01,-30.00,30.00,-30.00,30.00,
-2.65,-2.28,0.79,0.01,30.00,-30.00,30.00,-30.00,
-2.65,-2.28,0.79,0.01,-30.00,30.00,-30.00,30.00,
-2.65,-2.28,0.79,0.01,30.00,-30.00,30.00,-30.00,
-2.65,-2.28,0.79,0.01,30.00,30.00,30.00,30.00,
-2.65,-2.28,0.79,0.01,30.00,-30.00,30.00,-30.00,
-2.65,-2.28,0.79,0.01,30.00,-30.00,30.00,-30.00,
-2.65,-2.28,0.79,0.01,30.00,30.00,30.00,30.00,
-2.65,-2.28,0.79,0.01,30.00,-30.00,30.00,-30.00,
-2.65,-2.28,0.78,0.01,30.00,30.00,30.00,30.00,
-2.65,-2.28,0.78,0.01,30.00,30.00,30.00,30.00,
-2.65,-2.28,0.78,0.01,30.00,-30.00,30.00,-30.00,
-2.65,-2.28,0.78,0.01,30.00,-30.00,30.00,-30.00,
-2.65,-2.28,0.78,0.01,30.00,30.00,30.00,30.00,
-2.65,-2.28,0.78,0.01,30.00,30.00,30.00,-30.00,
-2.65,-2.29,0.79,0.01,30.00,-30.00,30.00,-30.00,
-2.65,-2.28,0.79,0.01,30.00,-30.00,30.00,-30.00,
-2.65,-2.28,0.79,0.01,30.00,-30.00,30.00,-30.00,
-2.65,-2.28,0.79,0.01,30.00,-30.00,30.00,-30.00,
-2.65,-2.29,0.79,0.01,30.00,-30.00,30.00,-30.00,
-2.65,-2.29,0.79,0.01,30.00,-30.00,30.00,-30.00,
-2.65,-2.29,0.79,0.01,30.00,-30.00,30.00,-30.00,
-2.66,-2.29,0.79,0.01,30.00,-30.00,30.00,-30.00,
-2.66,-2.29,0.79,0.01,30.00,-30.00,30.00,-30.00,
-2.66,-2.29,0.79,0.01,30.00,-30.00,30.00,-30.00,
-2.66,-2.29,0.79,0.01,30.00,-30.00,30.00,-30.00,
-2.66,-2.29,0.79,0.01,30.00,-30.00,30.00,-30.00,
-2.66,-2.29,0.79,0.01,30.00,-30.00,30.00,-30.00,
-2.66,-2.29,0.79,0.01,30.00,-30.00,30.00,-30.00,
-2.66,-2.29,0.79,0.01,30.00,-30.00,30.00,-30.00,
-2.66,-2.29,0.79,0.01,30.00,-30.00,30.00,-30.00,
-2.66,-2.29,0.79,0.01,30.00,-30.00,30.00,-30.00,
-2.66,-2.29,0.79,0.01,30.00,-30.00,30.00,-30.00,
-2.66,-2.29,0.79,0.01,30.00,-30.00,30.00,-30.00,
-2.66,-2.29,0.79,0.01,30.00,-30.00,30.00,-30.00,
-2.66,-2.29,0.79,0.01,30.00,-30.00,30.00,-30.00,
-2.66,-2.29,0.80,0.01,30.00,-30.00,30.00,-30.00,
-2.66,-2.29,0.80,0.01,30.00,-30.00,30.00,-30.00,
-2.66,-2.29,0.80,0.01,30.00,-30.00,30.00,-30.00,
-2.66,-2.29,0.80,0.01,30.00,-30.00,30.00,-30.00,
-2.67,-2.29,0.80,0.01,30.00,-30.00,30.00,-30.00,
-2.67,-2.30,0.80,0.01,30.00,-30.00,30.00,-30.00,
-2.66,-2.30,0.80,0.01,30.00,-30.00,30.00,-30.00,
-2.67,-2.30,0.80,0.01,30.00,-30.00,30.00,-30.00,
-2.66,-2.29,0.80,0.01,30.00,-30.00,30.00,-30.00,
-2.66,-2.30,0.80,0.01,30.00,-30.00,30.00,-30.00,
-2.66,-2.30,0.80,0.01,30.00,-30.00,30.00,-30.00,
-2.66,-2.30,0.80,0.01,30.00,-30.00,30.00,-30.00,
-2.66,-2.30,0.80,0.01,30.00,-30.00,30.00,-30.00,
-2.66,-2.30,0.80,0.01,30.00,-30.00,30.00,-30.00,
-2.66,-2.30,0.80,0.01,30.00,-30.00,30.00,-30.00,
-2.66,-2.30,0.80,0.01,30.00,-30.00,30.00,-30.00,
-2.66,-2.30,0.80,0.01,30.00,-30.00,30.00,-30.00,
-2.67,-2.30,0.80,0.01,30.00,-30.00,30.00,-30.00,
-2.67,-2.30,0.80,0.01,30.00,-30.00,30.00,-30.00,
-2.67,-2.30,0.80,0.01,30.00,-30.00,30.00,-30.00,
-2.67,-2.30,0.80,0.01,30.00,-30.00,30.00,-30.00,
-2.67,-2.30,0.80,0.01,30.00,-30.00,30.00,-30.00,
-2.67,-2.30,0.80,0.01,30.00,-30.00,30.00,-30.00,
-2.67,-2.30,0.80,0.01,30.00,-30.00,30.00,-30.00,
-2.67,-2.30,0.80,0.01,30.00,-30.00,30.00,-30.00,
-2.67,-2.30,0.80,0.01,30.00,-30.00,30.00,-30.00,
-2.67,-2.30,0.80,0.01,30.00,-30.00,30.00,-30.00,
-2.67,-2.30,0.80,0.01,30.00,-30.00,30.00,-30.00,
-2.67,-2.30,0.80,0.01,30.00,-30.00,30.00,-30.00,
-2.67,-2.30,0.80,0.01,30.00,-30.00,30.00,-30.00,
-2.67,-2.30,0.80,0.01,30.00,-30.00,30.00,-30.00,
-2.67,-2.30,0.80,0.01,30.00,-30.00,30.00,-30.00,
-2.67,-2.31,0.80,0.01,30.00,-30.00,30.00,-30.00,
-2.67,-2.31,0.80,0.01,30.00,-30.00,30.00,-30.00,
-2.67,-2.31,0.80,0.01,30.00,-30.00,30.00,-30.00,
-2.67,-2.31,0.80,0.01,30.00,-30.00,30.00,-30.00,
-2.67,-2.31,0.80,0.01,30.00,-30.00,30.00,-30.00,
-2.67,-2.31,0.80,0.01,30.00,-30.00,30.00,-30.00,
-2.67,-2.31,0.80,0.01,30.00,-30.00,30.00,-30.00,
-2.68,-2.31,0.80,0.01,30.00,-30.00,30.00,-30.00,
-2.68,-2.31,0.80,0.01,30.00,-30.00,30.00,-30.00,
-2.66,-2.31,0.81,0.01,30.00,-30.00,30.00,-30.00,
-2.67,-2.29,0.83,0.01,30.00,-30.00,30.00,-30.00,
-2.66,-2.29,0.84,0.01,30.00,-30.00,30.00,-30.00,
-2.65,-2.29,0.84,0.01,30.00,-30.00,30.00,-30.00,
-2.64,-2.27,0.83,0.01,30.00,-30.00,30.00,-30.00,
-2.63,-2.26,0.83,0.01,30.00,-30.00,30.00,-30.00,
-2.62,-2.25,0.82,0.01,30.00,-30.00,30.00,-30.00,
-2.61,-2.24,0.81,0.01,30.00,-30.00,30.00,-30.00,
-2.61,-2.25,0.80,0.01,30.00,-30.00,30.00,-30.00,
-2.62,-2.25,0.78,0.01,30.00,-30.00,30.00,-30.00,
-2.63,-2.26,0.78,0.01,30.00,-30.00,30.00,-30.00,
-2.64,-2.28,0.77,0.01,30.00,-30.00,30.00,-30.00,
-2.66,-2.31,0.78,0.01,30.00,-30.00,30.00,-30.00,
-2.68,-2.33,0.79,0.01,30.00,-30.00,30.00,-30.00,
-2.74,-2.38,0.87,0.01,30.00,-30.00,30.00,-30.00,
-2.76,-2.40,0.91,0.01,30.00,-30.00,30.00,-30.00,
-2.78,-2.41,0.95,0.01,30.00,-30.00,30.00,-30.00,
-2.79,-2.42,0.96,0.01,30.00,-30.00,30.00,-30.00,
-2.82,-2.44,0.96,0.01,30.00,-30.00,30.00,-30.00,
-2.84,-2.46,0.96,0.01,30.00,-30.00,30.00,-30.00,
-2.85,-2.46,0.95,0.01,30.00,-30.00,30.00,-30.00,
-2.85,-2.45,0.94,0.01,30.00,-30.00,30.00,-30.00,
-2.84,-2.44,0.95,0.01,30.00,-30.00,30.00,-30.00,
-2.80,-2.39,0.90,0.01,30.00,-30.00,30.00,-30.00,
-2.79,-2.36,0.89,0.01,30.00,-30.00,30.00,-30.00,
-2.78,-2.34,0.88,0.01,30.00,-30.00,30.00,-30.00,
-2.76,-2.32,0.88,0.01,30.00,-30.00,30.00,-30.00,
-2.74,-2.30,0.89,0.01,30.00,-30.00,30.00,-30.00,
-2.73,-2.29,0.90,0.01,30.00,-30.00,30.00,-30.00,
-2.73,-2.28,0.91,0.01,30.00,-30.00,30.00,-30.00,
-2.72,-2.29,0.91,0.01,30.00,-30.00,30.00,-30.00,
-2.72,-2.30,0.91,0.01,30.00,-30.00,30.00,-30.00,
-2.71,-2.31,0.96,0.01,30.00,-30.00,30.00,-30.00,
-2.69,-2.33,0.95,0.01,30.00,-30.00,30.00,-30.00,
-2.69,-2.33,0.92,0.01,30.00,-30.00,30.00,-30.00,
-2.69,-2.33,0.86,0.01,30.00,-30.00,30.00,-30.00,
-2.69,-2.34,0.82,0.01,30.00,-30.00,30.00,-30.00,
-2.69,-2.33,0.83,0.01,30.00,-30.00,30.00,-30.00,
-2.68,-2.32,0.84,2.01,30.00,-30.00,30.00,-30.00,
-2.68,-2.31,0.84,2.01,30.00,-30.00,30.00,-30.00,
-2.67,-2.29,0.75,2.01,30.00,-30.00,30.00,30.00,
-2.69,-2.29,0.73,2.01,30.00,-30.00,30.00,-30.00,
-2.69,-2.30,0.74,1.40,30.00,-30.00,30.00,-30.00,
-2.68,-2.30,0.77,1.40,30.00,-30.00,30.00,-30.00,
-2.69,-2.30,0.80,1.40,30.00,-30.00,30.00,-30.00,
-2.69,-2.32,0.80,1.40,30.00,-30.00,30.00,-30.00,
-2.69,-2.33,0.79,1.40,30.00,-30.00,30.00,-30.00,
-2.70,-2.34,0.77,0.98,30.00,-30.00,30.00,-30.00,
-2.70,-2.36,0.71,0.98,30.00,-30.00,30.00,-30.00,
-2.69,-2.34,0.64,0.98,30.00,-30.00,30.00,-30.00,
-2.67,-2.31,0.72,0.98,-30.00,30.00,30.00,-30.00,
-2.65,-2.29,0.78,2.69,-30.00,30.00,30.00,-30.00,
-2.69,-2.32,0.67,2.69,30.00,-30.00,30.00,-30.00,
-2.72,-2.28,0.75,2.69,30.00,30.00,30.00,-30.00,
-2.74,-2.30,0.68,2.69,30.00,-30.00,30.00,-30.00,
-2.75,-2.35,0.54,2.69,30.00,-30.00,30.00,-30.00,
-2.71,-2.27,0.71,1.88,-30.00,30.00,30.00,-30.00,
-2.69,-2.34,0.58,1.88,30.00,-30.00,-30.00,-30.00,
-2.71,-2.34,0.53,1.88,30.00,-30.00,30.00,-30.00,
-2.73,-2.36,0.31,1.88,30.00,-30.00,30.00,-30.00,
-2.73,-2.32,0.21,3.32,30.00,-30.00,30.00,30.00,
-2.78,-2.30,0.06,3.32,30.00,-30.00,30.00,30.00,
-2.74,-2.27,-0.16,3.32,30.00,-30.00,-30.00,30.00,
-2.75,-2.27,-0.35,3.32,30.00,-30.00,-30.00,30.00,
-2.77,-2.28,-0.51,3.32,30.00,-30.00,-30.00,30.00,
-2.73,-2.29,-0.67,10.32,30.00,-30.00,-30.00,30.00,
-2.79,-2.30,-0.77,10.32,30.00,-30.00,30.00,30.00,
-2.70,-2.31,-0.76,10.32,-30.00,-30.00,-30.00,-30.00,
-2.79,-2.33,-0.64,10.32,30.00,30.00,30.00,-30.00,
-2.74,-2.24,-0.49,27.23,-30.00,30.00,30.00,-30.00,
-2.62,-2.29,-0.45,27.23,-30.00,-30.00,-30.00,-30.00,
-2.62,-2.37,-0.46,27.23,30.00,-30.00,30.00,-30.00,
-2.69,-2.45,-0.52,27.23,30.00,-30.00,30.00,-30.00,
-2.75,-2.53,-0.60,27.23,30.00,-30.00,30.00,-30.00,
-2.85,-2.60,-0.64,47.06,30.00,-30.00,30.00,-30.00,
-2.96,-2.69,-0.65,47.06,30.00,-30.00,30.00,-30.00,
-3.07,-2.78,-0.65,47.06,30.00,-30.00,30.00,-30.00,
-3.28,-2.98,-0.66,47.06,30.00,-30.00,30.00,-30.00,
-3.30,-3.09,-0.70,64.94,30.00,-30.00,14.35,-30.00,
-3.24,-3.19,-0.77,64.94,10.14,-30.00,-7.88,-30.00,
-3.09,-3.26,-0.84,64.94,-10.50,-30.00,-30.00,-30.00,
-2.86,-3.26,-0.89,64.94,-30.00,-30.00,-30.00,-7.35,
-2.71,-3.17,-0.86,64.94,-30.00,6.51,-30.00,4.61,
-2.69,-3.10,-0.81,64.94,3.72,6.84,14.76,-1.68,
-2.90,-3.13,-0.78,85.46,30.00,-11.19,30.00,-13.90,
-3.12,-3.16,-0.76,85.46,30.00,-13.38,30.00,-13.86,
-3.13,-3.24,-0.80,85.46,15.58,-30.00,5.77,-16.24,
-2.97,-3.25,-0.84,85.46,-10.27,-14.66,-22.71,-5.99,
-2.94,-3.21,-0.74,95.82,30.00,-7.05,30.00,-11.67,
-3.13,-3.27,-0.73,95.82,30.00,-15.05,30.00,-13.46,
-3.14,-3.32,-0.77,95.82,10.45,-17.59,4.61,-9.67,
-2.92,-3.25,-0.76,95.82,-19.46,0.49,-21.00,1.03,
-2.96,-3.25,-0.71,95.82,8.09,-4.74,12.45,-8.44,
-3.10,-3.32,-0.75,105.07,30.00,-14.75,16.54,-8.91,
-3.04,-3.33,-0.81,105.07,3.74,-10.05,-2.30,-2.80,
-2.89,-3.27,-0.74,105.07,3.87,-3.66,6.88,-6.64,
-3.02,-3.34,-0.77,105.07,28.98,-14.55,16.32,-9.11,
-2.86,-3.28,-0.81,111.55,-5.43,-2.26,-9.66,1.03,
-2.96,-3.34,-0.76,111.55,19.08,-12.36,15.41,-9.85,
-2.83,-3.28,-0.79,111.55,-3.87,-1.31,-6.84,1.19,
-2.67,-3.20,-0.74,111.55,-8.36,1.81,-6.06,0.00,
-2.81,-3.26,-0.71,116.09,13.34,-7.37,15.76,-9.11,
-2.65,-3.21,-0.75,116.09,-6.62,0.14,-6.39,-0.04,
-2.76,-3.27,-0.72,116.09,11.46,-7.16,13.24,-8.59,
-2.77,-3.28,-0.77,116.09,6.34,-7.68,1.89,-3.01,
-2.61,-3.21,-0.78,119.26,-5.76,-0.16,-7.61,1.31,
-2.62,-3.22,-0.71,119.26,2.02,-2.66,5.07,-5.79,
-2.72,-3.27,-0.75,119.26,12.56,-9.49,8.14,-5.60,
-2.55,-3.18,-0.77,119.26,-6.12,0.57,-8.61,2.56,
-2.59,-3.21,-0.73,119.26,4.82,-4.95,6.52,-6.66,
-2.64,-3.25,-0.80,123.48,8.08,-8.73,2.96,-3.48,
-2.51,-3.19,-0.79,123.48,3.10,-4.81,4.79,-6.61,
-2.52,-3.22,-0.86,123.48,6.16,-7.77,0.99,-2.31,
-2.36,-3.11,-0.89,123.48,-4.96,1.14,-7.69,3.49,
-2.36,-3.14,-0.92,126.44,0.33,-2.69,-4.43,1.92,
-2.37,-3.16,-0.87,126.44,1.90,-3.33,3.41,-4.91,
-2.45,-3.26,-0.90,126.44,8.87,-11.69,5.95,-8.41,
-2.33,-3.13,-0.92,126.44,-2.86,2.61,-4.78,4.51,
-2.31,-3.12,-0.91,130.51,-3.43,3.73,-4.68,4.99,
-2.43,-3.27,-0.85,130.51,8.02,-10.82,10.65,-13.89,
-2.29,-3.10,-0.88,130.51,-3.73,3.95,-5.97,6.21,
-2.40,-3.25,-0.83,130.51,7.15,-10.93,9.23,-13.47,
-2.31,-3.10,-0.82,137.35,-1.32,3.78,-1.87,4.38,
-2.42,-3.30,-0.81,137.35,7.55,-14.73,7.46,-14.60,
-2.37,-3.17,-0.79,137.35,-0.17,3.17,-0.09,3.09,
-2.36,-3.18,-0.81,137.35,2.05,-4.39,0.59,-2.81,
-2.36,-3.13,-0.77,137.35,1.83,0.16,2.84,-0.79,
-2.26,-2.91,-0.78,144.15,-2.01,6.48,-2.91,7.55,
-2.38,-3.14,-0.76,144.15,7.06,-14.35,7.30,-14.69,
-2.34,-2.98,-0.74,144.15,0.18,4.01,0.40,3.77,
-2.28,-2.93,-0.77,144.15,0.47,-1.00,-1.34,0.80,
-2.39,-2.98,-0.74,148.90,0.94,3.75,0.82,3.88,
-2.52,-3.24,-0.71,148.90,5.26,-6.48,6.49,-7.77,
-2.43,-3.02,-0.70,148.90,-1.23,5.98,-1.38,6.15,
-2.48,-3.00,-0.66,154.23,-0.95,5.02,-1.74,5.94,
-2.52,-3.14,-0.68,154.23,3.66,-8.27,2.38,-6.75,
-2.55,-3.06,-0.66,154.23,2.48,0.80,2.69,0.61,
-2.45,-2.87,-0.68,154.23,-0.83,3.90,-2.12,5.35,
-2.54,-3.05,-0.69,157.96,4.95,-9.23,4.14,-8.26,
-2.62,-3.10,-0.66,157.96,4.29,-3.51,4.97,-4.17,
-2.54,-2.97,-0.69,157.96,-0.20,1.51,-1.50,2.87,
-2.63,-3.17,-0.69,157.96,4.88,-10.13,4.34,-9.45,
-2.54,-2.87,-0.72,160.57,0.11,1.68,-1.52,3.42,
-2.57,-3.04,-0.73,160.57,3.28,-8.50,2.30,-7.30,
-2.62,-2.98,-0.71,160.57,2.86,0.07,3.25,-0.29,
-2.54,-2.78,-0.71,160.57,-0.50,4.77,-0.90,5.24,
-2.47,-2.74,-0.73,160.57,-0.02,-1.26,-1.24,-0.04,
-2.51,-2.91,-0.74,164.40,3.00,-7.79,2.28,-6.94,
-2.57,-3.06,-0.73,164.40,3.56,-6.96,3.29,-6.66,
-2.56,-2.89,-0.73,164.40,1.22,3.28,0.99,3.53,
-2.47,-2.74,-0.73,164.40,-0.88,2.54,-1.43,3.13,
-2.38,-2.77,-0.76,169.08,0.60,-4.55,-0.18,-3.66,
-2.45,-2.91,-0.74,169.08,2.22,-2.27,2.30,-2.34,
-2.48,-2.84,-0.71,169.08,2.18,0.64,2.49,0.36,
-2.41,-2.72,-0.70,169.08,-0.59,1.80,-0.52,1.72,
-2.29,-2.54,-0.70,174.36,0.03,0.03,-0.48,0.54,
-2.25,-2.48,-0.73,174.36,0.46,-0.39,-0.61,0.69,
-2.23,-2.71,-0.81,180.05,1.60,-3.29,0.72,-2.35,
-2.25,-2.80,-0.82,180.05,1.86,-4.15,1.15,-3.38,
-2.27,-2.89,-0.84,180.05,1.98,-4.17,1.16,-3.28,
-2.25,-2.95,-0.86,180.05,1.12,-3.53,0.19,-2.52,
-2.23,-2.97,-0.86,180.05,0.91,-2.33,0.32,-1.72,
-2.22,-3.01,-0.90,186.03,1.50,-3.17,0.19,-1.78,
-2.21,-3.04,-0.93,186.03,1.15,-2.62,0.16,-1.58,
-2.21,-3.11,-0.95,186.03,1.54,-3.45,0.61,-2.46,
-2.19,-3.12,-0.97,186.03,1.04,-2.28,0.18,-1.39,
-2.17,-3.05,-0.96,186.03,0.59,0.00,0.21,0.39,
-2.15,-2.96,-0.95,192.22,0.67,0.61,0.53,0.76,
-2.17,-2.85,-0.93,192.22,1.24,1.22,1.41,1.05,
-2.23,-2.81,-0.90,192.22,2.20,-0.18,2.28,-0.26,
-2.28,-2.84,-0.89,192.22,2.10,-2.06,2.04,-2.00,
-2.37,-2.96,-0.86,196.56,2.00,-2.22,1.90,-2.13,
-2.40,-3.05,-0.85,196.56,1.66,-3.08,1.57,-2.99,
-2.40,-3.11,-0.85,196.56,1.16,-2.80,0.75,-2.36,
-2.39,-3.08,-0.83,196.56,0.81,-0.83,0.76,-0.78,
-2.38,-3.11,-0.83,196.56,0.99,-1.89,0.75,-1.64,
-2.37,-3.04,-0.83,201.59,0.70,-0.08,0.43,0.18,
-2.36,-2.96,-0.83,201.59,1.13,0.13,0.64,0.61,
-2.40,-2.90,-0.86,201.59,2.01,-0.19,1.17,0.61,
-2.47,-2.90,-0.89,201.59,2.89,-1.81,1.84,-0.80,
-2.52,-3.00,-0.95,201.59,2.89,-3.89,1.34,-2.28,
-2.54,-3.07,-1.00,205.11,1.98,-3.22,0.64,-1.82,
-2.55,-3.03,-1.04,205.11,1.75,-1.08,0.60,0.04,
-2.59,-2.97,-1.05,205.11,2.02,-0.30,1.25,0.43,
-2.64,-2.90,-1.06,205.11,2.39,-0.10,1.87,0.39,
-2.71,-2.93,-1.07,205.11,2.73,-1.87,2.10,-1.26,
-2.77,-2.99,-1.08,209.58,2.36,-2.48,1.81,-1.92,
-2.81,-2.93,-1.07,209.58,1.84,-0.27,1.48,0.07,
-2.86,-2.84,-1.06,209.58,2.03,0.73,1.98,0.77,
-2.95,-2.73,-1.03,209.58,2.81,1.02,2.93,0.92,
-3.04,-2.71,-1.01,209.58,2.79,-0.61,2.82,-0.64,
-3.09,-2.67,-0.99,212.71,1.97,-0.18,1.99,-0.21,
-3.14,-2.53,-0.96,212.71,1.85,1.59,1.92,1.52,
-3.30,-2.42,-0.92,212.71,2.35,0.17,2.45,0.07,
-3.34,-2.26,-0.88,212.71,1.76,2.28,2.21,1.83,
-3.42,-2.10,-0.81,216.89,2.12,2.33,3.06,1.42,
-3.51,-1.94,-0.71,216.89,1.92,2.97,3.43,1.49,
-3.54,-1.82,-0.60,216.89,0.86,2.23,2.60,0.51,
-3.57,-1.60,-0.49,216.89,0.88,4.34,2.70,2.42,
-3.64,-1.38,-0.37,216.89,1.51,4.33,3.57,2.22,
-3.66,-1.26,-0.28,219.83,0.81,2.26,2.23,0.84,
-3.66,-1.05,-0.17,219.83,0.31,4.15,2.05,2.28,
-3.63,-0.80,-0.06,219.83,-0.20,5.10,1.56,3.11,
-3.62,-0.60,0.04,219.83,0.29,4.12,1.99,2.28,
-3.57,-0.45,0.13,219.83,-0.51,3.26,1.07,1.56,
-3.47,-0.22,0.21,219.88,-1.23,4.60,0.16,3.04,
-3.35,0.02,0.29,219.88,-1.55,4.95,-0.26,3.50,
-3.24,0.21,0.34,219.88,-1.16,3.82,-0.22,2.79,
-3.14,0.30,0.35,219.88,-0.73,1.72,-0.42,1.40,
-2.99,0.41,0.33,219.88,-1.40,2.02,-1.52,2.15,
-2.87,0.57,0.31,219.91,-0.84,2.72,-1.20,3.10,
-2.79,0.63,0.24,219.91,0.05,0.69,-0.90,1.66,
-2.66,0.68,0.16,219.91,-0.67,0.29,-2.01,1.61,
-2.43,0.91,0.02,219.91,-0.53,1.17,-1.61,2.27,
-2.30,0.93,-0.06,219.94,-0.78,-0.02,-2.03,1.19,
-2.16,0.95,-0.11,219.94,-1.09,0.21,-2.13,1.22,
-1.98,1.05,-0.14,219.94,-2.09,1.82,-2.56,2.28,
-1.83,1.12,-0.15,219.94,-1.72,1.29,-2.00,1.57,
-1.68,1.10,-0.16,219.94,-1.91,-0.07,-2.13,0.13,
-1.48,1.13,-0.16,221.96,-2.81,0.83,-2.84,0.85,
-1.31,1.18,-0.15,221.96,-2.37,1.33,-2.20,1.16,
-1.16,1.19,-0.13,221.96,-2.20,0.63,-1.93,0.38,
-1.01,1.12,-0.12,221.96,-2.26,-0.75,-2.24,-0.77,
-0.85,1.12,-0.12,221.96,-2.41,0.38,-2.34,0.32,
-0.69,1.12,-0.12,223.37,-2.36,0.41,-2.35,0.41,
-0.58,1.09,-0.13,223.37,-1.39,-0.22,-1.59,-0.03,
-0.47,0.98,-0.16,223.37,-1.40,-1.72,-1.94,-1.18,
-0.32,0.93,-0.21,223.37,-1.85,-1.01,-2.76,-0.14,
-0.21,0.91,-0.27,223.37,-1.13,-0.47,-2.25,0.59,
0.01,0.71,-0.48,224.36,-1.03,-2.38,-3.12,-0.35,
0.14,0.69,-0.60,224.36,-0.98,-1.20,-3.16,0.87,
0.22,0.61,-0.72,224.36,-0.17,-2.26,-2.45,0.00,
0.30,0.50,-0.85,224.36,-0.25,-2.66,-2.53,-0.38,
0.40,0.38,-0.98,225.05,-0.65,-3.09,-3.13,-0.61,
0.51,0.37,-1.08,225.05,-0.80,-1.07,-2.87,0.90,
0.58,0.32,-1.19,225.05,-0.18,-1.60,-2.30,0.49,
0.64,0.22,-1.29,225.05,-0.28,-2.67,-2.34,-0.59,
0.75,0.18,-1.40,225.05,-0.85,-1.53,-3.01,0.55,
0.79,0.21,-1.49,225.54,0.01,-0.55,-1.93,1.36,
0.83,0.11,-1.60,225.54,0.27,-2.64,-2.02,-0.31,
0.91,0.05,-1.72,225.54,-0.28,-2.06,-2.72,0.33,
0.98,0.10,-1.83,225.54,-0.30,-0.32,-2.57,1.91,
1.02,0.09,-1.94,225.54,0.19,-1.31,-2.22,1.07,
1.10,0.06,-2.07,227.88,-0.17,-1.91,-2.88,0.74,
1.21,0.12,-2.18,227.88,-0.87,-0.12,-3.42,2.34,
1.32,0.22,-2.29,227.88,-0.98,0.41,-3.46,2.83,
1.40,0.28,-2.40,227.88,-0.45,-0.26,-2.95,2.18,
1.67,0.28,-2.63,225.51,-1.66,-1.10,-4.39,1.41,
1.82,0.39,-2.70,225.51,-1.97,0.85,-4.19,2.98,
2.11,0.40,-2.88,225.51,-2.03,-1.49,-4.45,0.72,
2.31,0.44,-2.95,225.51,-2.91,-0.26,-5.21,1.79,
2.50,0.50,-3.00,225.86,-3.04,0.19,-5.04,1.98,
2.66,0.52,-3.04,225.86,-2.52,-0.32,-4.27,1.26,
2.84,0.45,-3.09,225.86,-2.88,-1.84,-4.74,-0.16,
3.41,0.45,-3.17,226.10,-3.00,-0.48,-4.49,0.85,
3.58,0.37,-3.19,226.10,-3.14,-1.94,-4.66,-0.55,
3.78,0.34,-3.21,226.10,-3.81,-0.92,-5.25,0.32,
3.96,0.35,-3.21,226.10,-3.75,-0.17,-4.92,0.85,
4.11,0.37,-3.19,226.10,-3.26,-0.03,-4.00,0.63,
4.24,0.29,-3.18,224.27,-3.19,-1.58,-4.11,-0.74,
4.39,0.28,-3.14,224.27,-3.68,-0.24,-4.07,0.09,
4.49,0.32,-3.09,224.27,-2.90,0.62,-3.19,0.88,
4.53,0.34,-3.02,224.27,-2.29,0.45,-2.13,0.30,
4.56,0.27,-2.94,224.27,-2.19,-0.64,-1.69,-1.12,
4.57,0.33,-2.81,226.99,-2.13,1.46,-1.08,0.45,
4.52,0.30,-2.66,226.99,-1.32,0.43,0.21,-1.09,
4.43,0.27,-2.51,226.99,-0.72,0.38,0.82,-1.17,
4.34,0.25,-2.34,226.99,-0.92,0.78,1.01,-1.14,
4.19,0.32,-2.15,226.99,-0.17,2.20,2.03,-0.01,
3.97,0.31,-1.98,226.89,1.18,1.02,3.45,-1.12,
3.75,0.28,-1.82,226.89,1.29,0.59,3.34,-1.34,
3.47,0.35,-1.66,226.89,2.29,2.22,4.35,0.30,
3.12,0.35,-1.51,226.89,3.74,0.98,5.86,-0.83,
2.76,0.30,-1.40,226.89,4.29,-0.10,5.79,-1.39,
2.36,0.37,-1.30,228.82,5.06,1.78,6.42,0.62,
1.90,0.41,-1.22,228.82,6.54,1.14,7.64,0.27,
1.43,0.39,-1.16,228.82,7.14,0.11,7.92,-0.48,
0.97,0.38,-1.12,228.82,7.43,0.20,7.77,-0.05,
0.48,0.48,-1.09,228.82,8.16,1.68,8.33,1.55,
-0.08,0.50,-1.06,228.18,9.86,0.46,9.95,0.40,
-0.60,0.49,-1.05,228.18,9.67,-0.10,9.41,0.07,
-1.75,0.64,-1.05,228.18,12.16,0.59,11.52,0.99,
-2.32,0.62,-1.06,228.18,11.55,-0.38,10.83,0.08,
-2.87,0.64,-1.09,227.72,11.89,0.06,10.73,0.80,
-3.48,0.75,-1.11,227.72,13.34,1.58,12.20,2.29,
-4.11,0.73,-1.16,227.72,14.93,-0.61,12.81,0.56,
-4.69,0.71,-1.25,227.72,14.34,-0.94,11.51,0.72,
-5.30,0.78,-1.35,227.72,15.94,0.37,12.34,2.40,
-5.96,0.75,-1.50,229.41,18.34,-1.59,13.03,1.06,
-7.24,0.80,-1.84,229.41,19.88,-0.26,12.86,3.17,
-7.95,0.80,-2.04,229.41,23.89,-1.59,14.42,2.07,
-9.26,0.91,-2.45,226.58,24.59,0.22,14.31,4.27,
-9.99,0.99,-2.66,226.58,30.00,-0.50,16.42,3.70,
-10.71,1.03,-2.86,226.58,30.00,-1.00,16.88,3.16,
-11.39,1.05,-3.06,226.58,30.00,-1.35,16.17,2.64,
-12.03,1.17,-3.22,226.58,26.67,0.43,15.60,4.14,
-12.72,1.30,-3.37,190.61,30.00,0.89,30.00,6.24,
-13.40,1.35,-3.52,190.61,30.00,-0.67,30.00,4.35,
-14.04,1.35,-3.68,190.61,30.00,-1.93,30.00,3.22,
-14.64,1.33,-3.82,190.61,30.00,-2.37,30.00,2.63,
-15.19,1.41,-3.96,190.61,30.00,0.20,30.00,5.21,
-15.69,1.48,-4.09,190.61,30.00,-0.30,28.22,4.69,
-16.20,1.62,-4.20,133.43,30.00,3.51,30.00,15.96,
-16.65,1.73,-4.31,133.43,30.00,2.16,30.00,13.79,
-17.06,1.81,-4.40,133.43,30.00,1.32,30.00,11.29,
-17.38,1.88,-4.49,133.43,30.00,0.65,30.00,10.15,
-17.62,1.95,-4.57,133.43,30.00,1.10,30.00,10.00,
-17.76,2.14,-4.61,93.40,30.00,26.55,30.00,30.00,
-17.83,2.51,-4.70,93.40,30.00,20.53,30.00,30.00,
-17.78,2.67,-4.73,93.40,30.00,19.94,30.00,30.00,
-17.63,2.67,-4.81,93.40,30.00,-3.01,14.51,16.75,
-17.38,2.63,-4.88,65.38,30.00,-17.43,2.61,30.00,
-17.01,2.59,-4.97,65.38,13.50,-30.00,-30.00,30.00,
-16.00,2.55,-5.16,65.38,-30.00,-24.30,-30.00,30.00,
-15.36,2.39,-5.26,65.38,-30.00,-30.00,-30.00,-0.94,
-13.77,2.02,-5.52,45.77,-30.00,-30.00,-30.00,-8.70,
-12.81,1.90,-5.64,45.77,-30.00,-30.00,-30.00,17.39,
-11.79,1.74,-5.79,45.77,-30.00,-30.00,-30.00,3.69,
-10.67,1.52,-5.96,45.77,-30.00,-30.00,-30.00,-30.00,
-9.44,1.31,-6.17,32.04,-30.00,-30.00,-30.00,-30.00,
-8.12,1.17,-6.38,32.04,-30.00,-30.00,-30.00,30.00,
-6.75,1.09,-6.64,32.04,-30.00,-30.00,-30.00,30.00,
-5.33,0.97,-6.95,32.04,-30.00,-30.00,-30.00,30.00,
-3.82,0.84,-7.32,32.04,-30.00,-30.00,-30.00,30.00,
-2.25,0.87,-7.73,22.43,-30.00,-30.00,-30.00,30.00,
1.06,0.99,-8.70,22.43,-30.00,-30.00,-30.00,30.00,
2.82,1.10,-9.26,22.43,-30.00,-30.00,-30.00,30.00,
4.62,1.33,-9.79,22.43,-30.00,-30.00,-30.00,30.00,
6.43,1.61,-10.32,25.70,-30.00,-30.00,-30.00,30.00,
8.32,1.82,-10.82,25.70,-30.00,-30.00,-30.00,30.00,
10.28,2.06,-11.27,25.70,-30.00,-30.00,-30.00,30.00,
12.29,2.37,-11.64,25.70,-30.00,30.00,-30.00,30.00,
14.29,2.68,-11.92,25.70,-30.00,30.00,-30.00,30.00,
16.33,2.92,-12.13,83.99,-30.00,9.44,-30.00,30.00,
18.41,3.20,-12.28,83.99,-30.00,30.00,-30.00,30.00,
20.49,3.47,-12.37,83.99,-30.00,30.00,-30.00,30.00,
22.52,3.68,-12.40,83.99,-30.00,30.00,-30.00,30.00,
24.56,3.83,-12.38,83.99,-30.00,16.36,-30.00,30.00,
26.63,3.98,-12.35,126.79,-30.00,6.44,-30.00,30.00,
28.59,4.13,-12.25,126.79,-30.00,9.59,-30.00,27.38,
30.52,4.22,-12.14,126.79,-30.00,5.32,-30.00,15.21,
32.43,4.21,-12.02,126.79,-30.00,1.05,-30.00,7.65,
34.28,4.27,-11.84,126.79,-30.00,5.73,-30.00,9.57,
36.05,4.28,-11.65,156.75,-30.00,2.80,-30.00,4.11,
37.74,4.20,-11.46,156.75,-30.00,-0.50,-30.00,0.86,
39.42,4.15,-11.26,156.75,-30.00,0.68,-30.00,1.39,
41.00,4.13,-11.03,156.75,-30.00,2.04,-30.00,1.72,
42.44,4.10,-10.80,156.75,-30.00,2.04,-30.00,1.69,
43.82,4.00,-10.61,177.73,-30.00,-0.98,-30.00,-0.37,
45.07,3.99,-10.46,177.73,-30.00,1.28,-30.00,2.67,
46.15,4.06,-10.36,177.73,-30.00,2.26,-30.00,5.40,
47.08,4.13,-10.34,177.73,-30.00,1.55,-30.00,6.97,
47.93,4.32,-10.41,177.73,-30.00,3.62,-30.00,12.89,
48.58,4.62,-10.52,192.41,-30.00,5.27,-30.00,15.74,
49.08,4.89,-10.71,192.41,-30.00,3.95,-30.00,16.56,
49.45,5.19,-10.91,192.41,-30.00,4.31,-30.00,18.55,
49.66,5.55,-11.10,192.41,-30.00,6.09,-30.00,21.94,
49.67,5.87,-11.28,192.41,-30.00,5.40,-30.00,19.87,
49.49,6.10,-11.46,202.69,-15.52,3.12,-30.00,13.87,
49.18,6.33,-11.59,202.69,-11.40,3.39,-30.00,12.73,
48.63,6.41,-11.68,202.69,-5.31,0.83,-14.48,8.10,
47.91,6.47,-11.76,202.69,-1.71,0.62,-8.89,7.47,
46.97,6.49,-11.81,202.69,3.02,0.16,-2.68,6.22,
45.90,6.44,-11.86,215.88,5.39,-1.12,0.09,3.99,
44.61,6.45,-11.89,215.88,10.79,0.22,4.89,5.03,
43.18,6.37,-11.95,215.88,16.20,-1.76,7.96,3.47,
41.51,6.36,-12.00,215.88,30.00,-0.55,15.36,4.67,
39.74,6.26,-12.05,215.88,30.00,-2.15,21.34,2.94,
37.84,6.20,-12.07,225.12,30.00,-0.95,30.00,3.34,
35.74,6.12,-12.07,225.12,30.00,-1.30,30.00,2.44,
33.51,5.91,-12.06,225.12,30.00,-3.33,30.00,0.47,
31.22,5.62,-12.06,225.12,30.00,-4.89,30.00,-0.87,
28.81,5.34,-12.05,225.12,30.00,-4.92,30.00,-0.95,
26.22,4.99,-12.09,225.58,30.00,-6.70,30.00,-1.73,
23.56,4.52,-12.19,225.58,30.00,-9.98,30.00,-3.31,
20.82,4.08,-12.33,225.58,30.00,-10.34,30.00,-2.67,
17.96,3.66,-12.55,225.58,30.00,-10.71,30.00,-1.68,
15.00,3.16,-12.89,225.58,30.00,-14.98,30.00,-2.32,
12.06,2.66,-13.26,225.91,30.00,-15.76,30.00,-2.07,
9.16,2.23,-13.64,225.91,30.00,-14.22,30.00,-0.87,
6.21,1.83,-14.04,225.91,30.00,-13.85,30.00,-0.40,
3.33,1.36,-14.43,225.91,30.00,-16.05,30.00,-1.48,
0.51,0.98,-14.80,225.91,30.00,-13.63,30.00,-0.51,
-5.13,0.28,-15.41,226.13,30.00,-12.88,30.00,-1.01,
-7.87,-0.12,-15.68,226.13,30.00,-13.62,30.00,-1.75,
-10.57,-0.45,-15.89,226.13,30.00,-11.26,30.00,-1.11,
-13.25,-0.80,-16.05,226.13,30.00,-11.41,30.00,-2.00,
-15.86,-1.19,-16.19,194.29,30.00,-19.24,30.00,-3.88,
-18.32,-1.59,-16.29,194.29,30.00,-19.51,30.00,-4.84,
-20.69,-1.87,-16.34,194.29,30.00,-13.38,30.00,-2.85,
-22.94,-2.12,-16.35,194.29,30.00,-11.72,30.00,-2.65,
-25.04,-2.43,-16.33,194.29,30.00,-13.53,30.00,-4.54,
-26.98,-2.68,-16.31,136.01,30.00,-30.00,30.00,-7.40,
-28.81,-2.79,-16.25,136.01,30.00,-18.47,30.00,-1.66,
-30.52,-2.93,-16.23,136.01,30.00,-24.12,30.00,-1.83,
-32.01,-3.10,-16.25,136.01,30.00,-30.00,30.00,-2.41,
-33.38,-3.15,-16.30,136.01,30.00,-18.18,30.00,3.07,
-34.62,-3.13,-16.36,95.20,30.00,-30.00,30.00,18.32,
-35.76,-3.08,-16.42,95.20,30.00,-30.00,30.00,30.00,
-36.72,-3.03,-16.51,95.20,30.00,-30.00,30.00,30.00,
-37.50,-2.92,-16.59,95.20,30.00,-17.73,30.00,30.00,
-38.16,-2.65,-16.64,95.20,30.00,2.26,30.00,30.00,
-38.71,-2.36,-16.66,95.20,30.00,6.44,30.00,30.00,
-39.03,-2.12,-16.64,66.64,30.00,8.01,30.00,30.00,
-39.12,-1.88,-16.56,66.64,30.00,21.54,30.00,30.00,
-39.01,-1.54,-16.43,66.64,30.00,30.00,30.00,30.00,
-38.76,-1.20,-16.24,66.64,30.00,30.00,30.00,30.00,
-38.34,-0.85,-16.01,66.64,30.00,30.00,30.00,30.00,
-37.64,-0.53,-15.76,46.65,30.00,30.00,10.97,30.00,
-36.79,-0.12,-15.47,46.65,-30.00,30.00,-30.00,30.00,
-35.79,0.26,-15.19,46.65,-30.00,30.00,-30.00,30.00,
-34.60,0.55,-14.92,46.65,-30.00,30.00,-30.00,30.00,
-33.17,0.81,-14.64,46.65,-30.00,30.00,-30.00,30.00,
-31.54,1.11,-14.34,32.66,-30.00,30.00,-30.00,30.00,
-29.80,1.43,-14.03,32.66,-30.00,30.00,-30.00,30.00,
-27.84,1.63,-13.71,32.66,-30.00,30.00,-30.00,30.00,
-25.63,1.74,-13.41,32.66,-30.00,30.00,-30.00,30.00,
-23.24,1.89,-13.08,32.66,-30.00,30.00,-30.00,30.00,
-20.69,1.95,-12.77,22.86,-30.00,30.00,-30.00,30.00,
-17.97,1.97,-12.46,22.86,-30.00,30.00,-30.00,30.00,
-15.03,1.93,-12.18,22.86,-30.00,30.00,-30.00,-30.00,
-11.97,1.92,-11.90,22.86,-30.00,30.00,-30.00,30.00,
-8.81,1.81,-11.68,22.86,-30.00,-30.00,-30.00,-30.00,
-5.53,1.59,-11.50,22.86,-30.00,-30.00,-30.00,-30.00,
1.34,1.13,-11.29,16.00,-30.00,-30.00,-30.00,-30.00,
4.78,0.92,-11.26,16.00,-30.00,-30.00,-30.00,-30.00,
8.23,0.68,-11.29,16.00,-30.00,-30.00,-30.00,-30.00,
11.72,0.42,-11.40,16.00,-30.00,-30.00,-30.00,-30.00,
15.15,0.32,-11.57,35.20,-30.00,-30.00,-30.00,30.00,
18.52,0.27,-11.83,35.20,-30.00,-30.00,-30.00,30.00,
21.86,0.24,-12.15,35.20,-30.00,-30.00,-30.00,30.00,
25.17,0.36,-12.57,35.20,-30.00,-30.00,-30.00,30.00,
28.36,0.64,-13.03,35.20,-30.00,-30.00,-30.00,30.00,
34.38,1.40,-13.98,90.64,-30.00,3.22,-30.00,30.00,
37.25,1.78,-14.45,90.64,-30.00,3.65,-30.00,30.00,
39.97,2.22,-14.87,90.64,-30.00,15.47,-30.00,30.00,
42.49,2.66,-15.27,90.64,-30.00,18.75,-30.00,30.00,
44.88,2.99,-15.62,131.45,-30.00,2.82,-30.00,30.00,
47.12,3.22,-15.95,131.45,-30.00,-1.29,-30.00,30.00,
49.25,3.47,-16.24,131.45,-30.00,0.59,-30.00,30.00,
51.23,3.70,-16.54,131.45,-30.00,-0.59,-30.00,30.00,
53.04,3.87,-16.84,131.45,-30.00,-3.53,-30.00,30.00,
54.79,4.00,-17.15,160.01,-30.00,-3.83,-30.00,30.00,
56.44,4.18,-17.47,160.01,-30.00,-2.11,-30.00,30.00,
57.95,4.41,-17.80,160.01,-30.00,-0.81,-30.00,30.00,
59.30,4.62,-18.13,160.01,-30.00,-1.26,-30.00,30.00,
60.55,4.76,-18.49,160.01,-30.00,-4.23,-30.00,30.00,
61.69,4.91,-18.87,178.01,-30.00,-3.40,-30.00,30.00,
62.66,5.12,-19.28,178.01,-30.00,-2.10,-30.00,30.00,
63.41,5.34,-19.69,178.01,-30.00,-2.14,-30.00,30.00,
63.99,5.46,-20.12,178.01,-30.00,-4.89,-30.00,30.00,
64.44,5.58,-20.57,178.01,-30.00,-5.28,-30.00,30.00,
64.67,5.80,-20.99,178.01,-30.00,-2.27,-30.00,30.00,
64.73,5.98,-21.40,206.61,-30.00,-2.21,-30.00,18.74,
64.64,6.10,-21.79,206.61,-23.36,-3.23,-30.00,16.54,
64.43,6.23,-22.14,206.61,-17.15,-2.73,-30.00,15.99,
64.00,6.27,-22.44,206.61,-10.63,-4.13,-30.00,12.46,
63.46,6.22,-22.70,206.61,-7.67,-5.83,-30.00,9.14,
62.69,6.17,-22.89,214.62,-2.79,-4.52,-20.41,7.74,
60.43,5.68,-23.12,214.62,6.18,-8.09,-4.11,2.47,
58.90,5.27,-23.17,214.62,13.02,-11.79,1.66,-0.90,
55.08,4.20,-23.13,224.24,30.00,-14.11,15.67,-4.71,
52.78,3.55,-23.06,224.24,30.00,-16.49,30.00,-6.68,
50.26,2.93,-22.96,224.24,30.00,-15.17,30.00,-6.69,
47.43,2.32,-22.77,224.24,30.00,-14.04,30.00,-7.55,
44.45,1.74,-22.56,224.24,30.00,-13.15,30.00,-7.67,
41.34,1.10,-22.27,224.97,30.00,-13.80,30.00,-9.91,
38.04,0.54,-21.89,224.97,30.00,-10.91,30.00,-9.44,
34.55,-0.05,-21.44,224.97,30.00,-10.84,30.00,-11.26,
30.97,-0.66,-20.96,224.97,30.00,-11.08,30.00,-12.82,
27.23,-1.20,-20.47,224.97,30.00,-9.57,30.00,-11.40,
23.34,-1.72,-19.97,227.48,30.00,-8.92,30.00,-11.10,
19.39,-2.31,-19.52,227.48,30.00,-11.20,30.00,-12.74,
15.36,-2.89,-19.11,227.48,30.00,-11.44,30.00,-12.18,
11.25,-3.40,-18.75,227.48,30.00,-10.82,30.00,-10.39,
7.15,-3.95,-18.49,227.48,30.00,-13.18,30.00,-10.53,
3.12,-4.41,-18.31,227.23,30.00,-11.97,30.00,-7.82,
-0.84,-4.74,-18.19,227.23,30.00,-9.81,30.00,-5.03,
-4.70,-5.05,-18.14,227.23,30.00,-10.14,30.00,-4.00,
-8.35,-5.39,-18.18,227.23,30.00,-12.47,30.00,-4.02,
-11.87,-5.66,-18.28,227.23,30.00,-11.29,30.00,-2.34,
-15.25,-5.96,-18.39,221.06,30.00,-13.51,30.00,-2.98,
-18.47,-6.34,-18.54,221.06,30.00,-17.00,30.00,-4.22,
-21.53,-6.77,-18.71,221.06,30.00,-19.91,30.00,-5.19,
-24.44,-7.18,-18.91,221.06,30.00,-19.85,30.00,-4.58,
-27.23,-7.66,-19.12,221.06,30.00,-24.56,30.00,-5.83,
-29.81,-8.18,-19.35,154.74,30.00,-30.00,30.00,-17.01,
-32.13,-8.72,-19.57,154.74,30.00,-30.00,30.00,-19.14,
-34.35,-9.14,-19.79,154.74,30.00,-30.00,30.00,-11.90,
-36.34,-9.54,-19.97,154.74,30.00,-30.00,30.00,-12.34,
-38.06,-9.84,-20.08,154.74,30.00,-30.00,30.00,-9.65,
-39.60,-9.88,-20.06,108.32,30.00,-30.00,30.00,-2.60,
-40.94,-9.82,-19.97,108.32,30.00,-30.00,30.00,1.37,
-42.10,-9.76,-19.83,108.32,30.00,-30.00,30.00,-1.04,
-43.10,-9.65,-19.71,108.32,30.00,-24.31,30.00,3.70,
-43.96,-9.44,-19.57,108.32,30.00,-7.55,30.00,13.05,
-44.77,-9.17,-19.49,75.82,30.00,-12.76,30.00,30.00,
-45.46,-8.96,-19.49,75.82,30.00,-30.00,30.00,30.00,
-45.97,-8.70,-19.55,75.82,30.00,-30.00,30.00,30.00,
-46.31,-8.36,-19.62,75.82,30.00,-10.35,30.00,30.00,
-46.51,-7.95,-19.70,75.82,30.00,2.21,30.00,30.00,
-46.57,-7.56,-19.80,53.08,30.00,-1.79,30.00,30.00,
-46.37,-7.23,-19.90,53.08,30.00,-30.00,30.00,30.00,
-45.97,-6.76,-19.96,53.08,30.00,30.00,30.00,30.00,
-45.40,-6.31,-20.02,53.08,30.00,30.00,30.00,30.00,
-44.62,-5.96,-20.07,53.08,30.00,0.33,-30.00,30.00,
-43.61,-5.51,-20.08,37.15,30.00,30.00,-30.00,30.00,
-42.44,-4.93,-20.00,37.15,-30.00,30.00,-30.00,30.00,
-41.12,-4.29,-19.83,37.15,-30.00,30.00,-30.00,30.00,
-39.58,-3.65,-19.59,37.15,-30.00,30.00,-30.00,30.00,
-35.73,-2.25,-18.82,37.15,-30.00,30.00,-30.00,30.00,
-33.48,-1.51,-18.32,26.01,-30.00,30.00,-30.00,30.00,
-30.98,-0.84,-17.71,26.01,-30.00,30.00,-30.00,30.00,
-28.17,-0.22,-17.04,26.01,-30.00,30.00,-30.00,30.00,
-25.13,0.48,-16.25,26.01,-30.00,30.00,-30.00,30.00,
-21.87,1.10,-15.41,26.01,-30.00,30.00,-30.00,30.00,
-18.33,1.61,-14.56,18.21,-30.00,30.00,-30.00,30.00,
-14.61,2.13,-13.67,18.21,-30.00,30.00,-30.00,30.00,
-10.79,2.69,-12.76,18.21,-30.00,30.00,-30.00,30.00,
-6.84,3.13,-11.85,18.21,-30.00,30.00,-30.00,30.00,
-2.81,3.48,-10.96,18.21,-30.00,30.00,-30.00,30.00,
1.30,3.77,-10.09,28.74,-30.00,30.00,-30.00,30.00,
5.41,4.03,-9.20,28.74,-30.00,30.00,-30.00,-3.46,
9.47,4.19,-8.33,28.74,-30.00,30.00,-30.00,-30.00,
13.54,4.20,-7.48,28.74,-30.00,30.00,-30.00,-30.00,
17.57,4.15,-6.63,28.74,-30.00,30.00,-30.00,-30.00,
21.46,4.03,-5.75,86.12,-30.00,30.00,-30.00,-30.00,
25.28,3.75,-4.88,86.12,-30.00,30.00,-30.00,-30.00,
29.02,3.38,-4.01,86.12,-30.00,13.76,-30.00,-30.00,
32.63,3.00,-3.12,86.12,-30.00,11.80,-30.00,-30.00,
36.05,2.56,-2.25,86.12,-30.00,3.11,-30.00,-30.00,
39.32,2.07,-1.42,86.12,-30.00,-5.80,-30.00,-30.00,
42.44,1.59,-0.65,142.28,-30.00,-2.74,-30.00,-30.00,
45.34,1.19,0.06,142.28,-30.00,-1.01,-30.00,-30.00,
48.02,0.85,0.69,142.28,-30.00,0.04,-30.00,-30.00,
50.52,0.52,1.23,142.28,-30.00,-1.31,-30.00,-30.00,
52.90,0.29,1.66,142.28,-30.00,-0.02,-30.00,-30.00,
55.03,0.25,2.01,142.28,-30.00,7.22,-30.00,-10.21,
56.95,0.31,2.24,181.60,-30.00,5.23,-30.00,-1.94,
58.76,0.46,2.42,181.60,-30.00,7.33,-30.00,1.26,
60.44,0.83,2.54,181.60,-30.00,14.59,-30.00,7.89,
61.90,1.33,2.65,181.60,-30.00,23.13,-30.00,13.65,
63.26,1.90,2.74,181.60,-30.00,30.00,-30.00,17.74,
64.46,2.58,2.85,195.12,-30.00,30.00,-30.00,19.56,
65.46,3.29,3.00,195.12,-30.00,30.00,-30.00,20.76,
66.31,3.85,3.17,195.12,-30.00,30.00,-30.00,13.79,
67.04,4.33,3.38,195.12,-30.00,22.54,-30.00,10.52,
67.59,4.73,3.62,195.12,-30.00,19.88,-30.00,7.93,
67.97,5.00,3.92,200.58,-30.00,14.08,-30.00,3.85,
68.20,5.10,4.21,200.58,-30.00,8.88,-30.00,0.30,
68.33,5.11,4.57,200.58,-30.00,7.29,-30.00,-2.38,
68.32,5.08,4.97,200.58,-30.00,6.98,-30.00,-3.72,
68.17,4.96,5.40,200.58,-30.00,5.21,-30.00,-6.21,
67.98,4.83,5.79,208.41,-30.00,4.35,-30.00,-5.59,
67.59,4.71,6.22,208.41,-30.00,4.85,-16.91,-6.10,
67.09,4.58,6.57,208.41,-30.00,3.93,-14.06,-5.52,
66.43,4.56,6.89,208.41,-30.00,5.93,-9.39,-2.96,
65.54,4.68,7.12,208.41,-13.87,8.34,-4.32,0.49,
64.46,4.93,7.24,219.89,-6.11,9.06,-1.33,3.75,
63.08,5.34,7.25,219.89,0.65,12.07,3.38,8.25,
61.44,5.91,7.11,219.89,7.34,14.44,7.44,14.30,
59.40,6.67,6.85,219.89,24.99,19.80,18.08,30.00,
57.15,7.45,6.46,219.89,30.00,18.47,30.00,30.00,
54.60,8.36,5.95,225.92,30.00,20.06,30.00,30.00,
51.77,9.29,5.34,225.92,30.00,19.36,30.00,30.00,
48.75,10.14,4.65,225.92,30.00,15.24,30.00,30.00,
45.57,10.97,3.89,225.92,30.00,13.98,30.00,30.00,
42.22,11.77,3.12,225.92,30.00,13.20,30.00,30.00,
38.65,12.46,2.33,226.14,30.00,10.61,30.00,30.00,
35.00,12.98,1.54,226.14,30.00,6.75,30.00,30.00,
31.29,13.37,0.80,226.14,30.00,4.85,30.00,30.00,
27.45,13.55,0.09,226.14,30.00,1.61,30.00,17.37,
23.58,13.55,-0.58,226.14,30.00,-1.14,30.00,11.40,
19.72,13.27,-1.23,226.30,30.00,-5.86,30.00,5.30,
15.84,12.83,-1.84,226.30,30.00,-9.07,30.00,2.19,
11.87,12.22,-2.43,226.30,30.00,-13.46,30.00,-0.71,
7.91,11.35,-3.03,226.30,30.00,-24.48,30.00,-5.04,
4.00,10.34,-3.67,226.30,30.00,-30.00,30.00,-8.02,
0.04,9.23,-4.32,226.41,30.00,-30.00,30.00,-9.97,
-3.90,8.00,-5.04,226.41,30.00,-30.00,30.00,-12.69,
-11.40,5.19,-6.64,226.41,30.00,-30.00,30.00,-17.84,
-15.06,3.72,-7.52,226.41,30.00,-30.00,30.00,-19.91,
-18.56,2.12,-8.43,186.49,30.00,-30.00,30.00,-30.00,
-21.86,0.52,-9.39,186.49,30.00,-30.00,30.00,-30.00,
-25.03,-0.95,-10.31,186.49,30.00,-30.00,30.00,-30.00,
-28.08,-2.35,-11.19,186.49,30.00,-30.00,30.00,-30.00,
-30.93,-3.71,-12.01,186.49,30.00,-30.00,30.00,-30.00,
-33.59,-4.92,-12.73,130.54,30.00,-30.00,30.00,-30.00,
-36.12,-5.93,-13.33,130.54,30.00,-30.00,30.00,-30.00,
-38.55,-6.82,-13.85,130.54,30.00,-30.00,30.00,-30.00,
-40.80,-7.66,-14.27,130.54,30.00,-30.00,30.00,-30.00,
-42.84,-8.31,-14.58,130.54,30.00,-30.00,30.00,-30.00,
-44.77,-8.82,-14.81,91.38,30.00,-30.00,30.00,-30.00,
-46.52,-9.26,-14.99,91.38,30.00,-30.00,30.00,-30.00,
-48.05,-9.60,-15.13,91.38,30.00,-30.00,30.00,-30.00,
-49.38,-9.74,-15.24,91.38,30.00,-30.00,30.00,-15.38,
-50.58,-9.73,-15.33,91.38,30.00,-30.00,30.00,1.47,
-51.56,-9.64,-15.44,63.97,30.00,-30.00,30.00,30.00,
-52.29,-9.43,-15.55,63.97,30.00,-30.00,30.00,30.00,
-52.86,-9.00,-15.65,63.97,30.00,11.02,30.00,30.00,
-53.20,-8.48,-15.74,63.97,30.00,30.00,30.00,30.00,
-53.40,-7.84,-15.83,63.97,30.00,30.00,30.00,30.00,
-53.34,-7.08,-15.90,44.78,30.00,30.00,30.00,30.00,
-53.10,-6.17,-15.92,44.78,30.00,30.00,30.00,30.00,
-52.70,-5.28,-15.92,44.78,30.00,30.00,30.00,30.00,
-52.05,-4.42,-15.89,44.78,30.00,30.00,30.00,30.00,
-51.21,-3.52,-15.84,44.78,30.00,30.00,30.00,30.00,
-50.20,-2.54,-15.72,44.78,30.00,30.00,-30.00,30.00,
-48.97,-1.62,-15.54,31.34,-30.00,30.00,-30.00,30.00,
-47.47,-0.76,-15.29,31.34,-30.00,30.00,-30.00,30.00,
-45.65,0.18,-14.93,31.34,-30.00,30.00,-30.00,30.00,
-43.65,1.20,-14.45,31.34,-30.00,30.00,-30.00,30.00,
-41.35,2.11,-13.88,31.34,-30.00,30.00,-30.00,30.00,
-38.86,3.01,-13.25,21.94,-30.00,30.00,-30.00,30.00,
-36.05,3.94,-12.52,21.94,-30.00,30.00,-30.00,30.00,
-33.05,4.80,-11.76,21.94,-30.00,30.00,-30.00,30.00,
-29.80,5.50,-11.02,21.94,-30.00,30.00,-30.00,30.00,
-26.31,6.16,-10.30,21.94,-30.00,30.00,-30.00,30.00,
-22.75,6.84,-9.60,15.36,-30.00,30.00,-30.00,30.00,
-19.04,7.41,-8.92,15.36,-30.00,30.00,-30.00,30.00,
-15.24,7.85,-8.29,15.36,-30.00,30.00,-30.00,30.00,
-11.34,8.24,-7.69,15.36,-30.00,30.00,-30.00,30.00,
-7.39,8.64,-7.11,15.36,-30.00,30.00,-30.00,30.00,
-3.44,8.96,-6.52,10.75,-30.00,30.00,-30.00,30.00,
0.63,9.17,-5.95,10.75,-30.00,30.00,-30.00,30.00,
4.68,9.39,-5.39,10.75,-30.00,30.00,-30.00,30.00,
8.72,9.55,-4.80,10.75,-30.00,30.00,-30.00,30.00,
12.71,9.56,-4.22,10.75,-30.00,30.00,-30.00,-30.00,
16.70,9.48,-3.65,10.75,-30.00,30.00,-30.00,-30.00,
20.56,9.36,-3.11,39.53,-30.00,30.00,-30.00,-30.00,
31.23,8.32,-1.71,39.53,-30.00,-30.00,-30.00,-30.00,
34.45,7.89,-1.33,39.53,-30.00,-30.00,-30.00,-30.00,
37.41,7.43,-1.01,95.67,-30.00,-20.35,-30.00,-30.00,
40.22,6.93,-0.74,95.67,-30.00,-30.00,-30.00,-30.00,
42.92,6.48,-0.55,95.67,-30.00,-30.00,-30.00,-30.00,
45.33,6.17,-0.42,95.67,-30.00,-13.82,-30.00,-30.00,
47.62,5.89,-0.38,95.67,-30.00,-16.88,-30.00,-24.71,
49.77,5.77,-0.44,134.97,-30.00,-1.65,-30.00,1.29,
51.79,5.83,-0.58,134.97,-30.00,4.48,-30.00,13.28,
55.30,6.29,-1.11,134.97,-30.00,12.49,-30.00,30.00,
56.90,6.74,-1.51,134.97,-30.00,30.00,-30.00,30.00,
58.35,7.31,-1.97,162.48,-30.00,21.73,-30.00,30.00,
59.58,7.94,-2.47,162.48,-30.00,25.77,-30.00,30.00,
60.75,8.53,-3.02,162.48,-30.00,20.27,-30.00,30.00,
61.77,9.17,-3.57,162.48,-30.00,27.99,-30.00,30.00,
62.61,9.78,-4.10,162.48,-30.00,24.29,-30.00,30.00,
63.33,10.28,-4.60,181.73,-30.00,12.11,-30.00,30.00,
63.97,10.74,-5.07,181.73,-30.00,11.17,-30.00,30.00,
64.46,11.15,-5.47,181.73,-30.00,11.00,-30.00,30.00,
64.79,11.43,-5.82,181.73,-30.00,7.39,-30.00,30.00,
65.05,11.56,-6.14,181.73,-30.00,3.52,-30.00,20.94,
65.15,11.67,-6.38,197.21,-30.00,3.14,-30.00,13.39,
65.06,11.65,-6.61,197.21,-30.00,0.76,-30.00,9.33,
64.86,11.48,-6.81,197.21,-30.00,-2.12,-30.00,5.10,
64.52,11.32,-6.99,197.21,-30.00,-1.95,-30.00,4.92,
63.87,11.10,-7.17,197.21,-11.46,-3.34,-30.00,3.47,
63.09,10.82,-7.35,208.05,-6.20,-4.57,-15.55,1.86,
62.01,10.63,-7.55,208.05,0.27,-2.94,-6.80,3.74,
60.71,10.34,-7.78,208.05,5.25,-5.24,-2.10,2.11,
59.13,10.05,-8.01,208.05,14.01,-5.80,4.10,1.78,
57.35,9.77,-8.22,208.05,24.63,-5.33,9.27,2.06,
55.29,9.39,-8.42,221.63,30.00,-6.72,16.84,-0.13,
53.07,9.00,-8.57,221.63,30.00,-6.66,30.00,-0.86,
50.63,8.56,-8.67,221.63,30.00,-7.31,30.00,-2.17,
47.94,7.94,-8.71,221.63,30.00,-10.90,30.00,-6.17,
45.13,7.29,-8.70,221.63,30.00,-11.42,30.00,-7.80,
42.02,6.56,-8.61,227.14,30.00,-11.95,30.00,-9.92,
38.76,5.76,-8.47,227.14,30.00,-13.55,30.00,-12.75,
35.38,4.91,-8.29,227.14,30.00,-14.88,30.00,-15.34,
31.79,4.07,-8.04,227.14,30.00,-14.11,30.00,-16.82,
28.08,3.14,-7.77,227.14,30.00,-16.83,30.00,-21.30,
24.24,2.22,-7.48,227.00,30.00,-16.76,30.00,-22.83,
20.28,1.40,-7.17,227.00,30.00,-13.75,30.00,-19.46,
16.21,0.53,-6.85,227.00,30.00,-15.70,30.00,-23.23,
12.14,-0.25,-6.53,227.00,30.00,-13.23,30.00,-19.39,
8.01,-0.90,-6.21,227.00,30.00,-10.48,30.00,-15.64,
3.90,-1.56,-5.89,228.90,30.00,-10.61,30.00,-15.78,
-0.13,-2.11,-5.61,228.90,30.00,-8.84,30.00,-12.69,
-4.18,-2.56,-5.31,228.90,30.00,-6.66,30.00,-10.68,
-8.15,-3.03,-5.04,228.90,30.00,-7.62,30.00,-11.18,
-11.97,-3.47,-4.80,228.90,30.00,-7.41,30.00,-10.55,
-15.68,-3.81,-4.55,176.23,30.00,-10.29,30.00,-17.54,
-19.30,-4.18,-4.30,176.23,30.00,-11.23,30.00,-19.43,
-22.70,-4.54,-4.06,176.23,30.00,-11.32,30.00,-19.59,
-26.01,-4.80,-3.79,176.23,30.00,-7.72,30.00,-15.25,
-29.22,-5.04,-3.56,176.23,30.00,-7.41,30.00,-13.44,
-32.18,-5.31,-3.39,123.36,30.00,-30.00,30.00,-30.00,
-34.96,-5.55,-3.27,123.36,30.00,-30.00,30.00,-30.00,
-37.59,-5.69,-3.17,123.36,30.00,-16.31,30.00,-20.72,
-39.97,-5.83,-3.12,123.36,30.00,-19.28,30.00,-18.31,
-42.05,-5.86,-3.06,123.36,30.00,-9.05,30.00,-9.07,
-43.93,-5.66,-2.95,86.35,30.00,15.98,30.00,8.39,
-45.60,-5.38,-2.82,86.35,30.00,30.00,30.00,21.08,
-46.97,-5.03,-2.67,86.35,30.00,30.00,30.00,30.00,
-48.11,-4.48,-2.51,86.35,30.00,30.00,30.00,30.00,
-49.14,-3.94,-2.41,86.35,30.00,30.00,30.00,30.00,
-49.85,-3.52,-2.38,60.45,30.00,30.00,30.00,30.00,
-50.39,-3.04,-2.40,60.45,30.00,30.00,30.00,30.00,
-50.80,-2.52,-2.46,60.45,30.00,30.00,30.00,30.00,
-51.02,-2.11,-2.56,60.45,30.00,30.00,30.00,30.00,
-50.94,-1.74,-2.66,60.45,30.00,30.00,30.00,30.00,
-50.64,-1.23,-2.72,42.31,30.00,30.00,30.00,30.00,
-50.17,-0.63,-2.72,42.31,30.00,30.00,30.00,30.00,
-49.46,-0.02,-2.65,42.31,30.00,30.00,30.00,30.00,
-48.48,0.65,-2.53,42.31,-30.00,30.00,10.24,30.00,
-47.28,1.51,-2.33,42.31,-30.00,30.00,-30.00,30.00,
-45.89,2.33,-2.08,42.31,-30.00,30.00,-30.00,30.00,
-44.23,3.22,-1.78,29.62,-30.00,30.00,-30.00,30.00,
-40.39,5.14,-1.05,29.62,-30.00,30.00,-30.00,30.00,
-38.12,6.01,-0.65,29.62,-30.00,30.00,-30.00,30.00,
-35.62,6.88,-0.22,29.62,-30.00,30.00,-30.00,30.00,
-32.95,7.77,0.27,20.73,-30.00,30.00,-30.00,-30.00,
-30.14,8.49,0.74,20.73,-30.00,30.00,-30.00,30.00,
-27.07,9.11,1.21,20.73,-30.00,30.00,-30.00,30.00,
-23.88,9.77,1.72,20.73,-30.00,30.00,-30.00,30.00,
-20.63,10.41,2.26,20.73,-30.00,30.00,-30.00,30.00,
-17.18,10.92,2.82,14.51,-30.00,30.00,-30.00,30.00,
-13.61,11.43,3.44,14.51,-30.00,30.00,-30.00,30.00,
-9.95,11.99,4.11,14.51,-30.00,30.00,-30.00,30.00,
-6.19,12.43,4.84,14.51,-30.00,30.00,-30.00,30.00,
-2.28,12.79,5.58,14.51,-30.00,30.00,-30.00,30.00,
1.71,13.13,6.36,24.16,-30.00,30.00,-30.00,30.00,
5.72,13.38,7.15,24.16,-30.00,30.00,-30.00,30.00,
9.74,13.46,7.94,24.16,-30.00,30.00,-30.00,-30.00,
13.80,13.42,8.71,24.16,-30.00,30.00,-30.00,-30.00,
17.78,13.33,9.44,24.16,-30.00,30.00,-30.00,-30.00,
21.60,13.18,10.19,84.91,-30.00,30.00,-30.00,-30.00,
25.34,12.87,10.92,84.91,-30.00,30.00,-30.00,-30.00,
32.44,12.15,12.41,84.91,-30.00,30.00,-30.00,-30.00,
35.73,11.65,13.14,84.91,-30.00,30.00,-30.00,-30.00,
38.95,11.08,13.88,84.91,-30.00,30.00,-30.00,30.00,
42.06,10.48,14.62,141.44,-30.00,6.41,-30.00,-30.00,
44.95,9.83,15.35,141.44,-30.00,-30.00,-30.00,-30.00,
47.70,9.11,16.02,141.44,-30.00,-1.52,-30.00,-30.00,
50.32,8.48,16.62,141.44,-30.00,-0.04,-30.00,-30.00,
52.71,7.90,17.15,141.44,-30.00,0.82,-30.00,-30.00,
54.88,7.33,17.60,167.01,-30.00,-0.59,-30.00,-30.00,
56.88,6.88,17.91,167.01,-30.00,0.37,-30.00,-30.00,
58.71,6.57,18.12,167.01,-30.00,3.45,-30.00,-18.18,
60.33,6.46,18.25,167.01,-30.00,8.36,-30.00,-7.52,
61.74,6.43,18.29,167.01,-30.00,10.47,-30.00,-2.90,
63.02,6.52,18.28,184.90,-30.00,11.10,-30.00,1.09,
64.16,6.75,18.26,184.90,-30.00,16.50,-30.00,4.53,
65.11,7.02,18.26,184.90,-30.00,20.71,-30.00,5.87,
65.91,7.17,18.31,184.90,-30.00,14.85,-30.00,1.94,
66.60,7.27,18.41,184.90,-30.00,14.20,-30.00,0.23,
67.12,7.32,18.60,197.43,-30.00,11.94,-30.00,-1.78,
67.44,7.32,18.88,197.43,-30.00,11.70,-30.00,-3.84,
67.52,7.15,19.24,197.43,-30.00,7.80,-30.00,-9.46,
67.43,6.83,19.66,197.43,-30.00,5.04,-30.00,-15.63,
67.13,6.42,20.12,197.43,-30.00,3.18,-16.94,-22.58,
66.69,6.00,20.60,202.20,-30.00,2.89,-10.10,-22.90,
66.05,5.66,21.10,202.20,-30.00,4.87,-4.64,-19.03,
65.19,5.37,21.58,202.20,-30.00,5.76,0.39,-16.66,
64.18,5.17,22.02,202.20,-20.63,7.48,3.18,-12.80,
62.99,4.93,22.39,202.20,-11.30,5.47,7.31,-13.77,
61.68,4.83,22.69,207.54,-6.00,7.82,9.86,-7.87,
60.23,4.89,22.95,207.54,-2.17,11.59,14.14,-3.81,
58.64,5.12,23.16,207.54,1.60,16.58,20.89,-0.12,
56.89,5.46,23.34,207.54,5.80,21.54,30.00,2.45,
55.01,5.87,23.48,207.54,10.45,25.80,30.00,4.22,
52.95,6.30,23.57,205.28,19.22,30.00,30.00,5.69,
50.69,6.61,23.61,205.28,30.00,18.05,30.00,3.53,
48.19,6.77,23.62,205.28,30.00,12.79,30.00,1.19,
45.50,7.07,23.62,205.28,30.00,17.28,30.00,3.90,
42.75,7.49,23.59,205.28,30.00,24.52,30.00,7.42,
39.84,7.92,23.55,197.70,30.00,30.00,30.00,8.68,
36.74,8.02,23.50,197.70,30.00,11.55,30.00,0.95,
33.48,8.08,23.47,197.70,30.00,10.73,30.00,0.23,
30.26,8.42,23.42,197.70,30.00,22.53,30.00,6.62,
27.02,8.55,23.33,197.70,30.00,12.15,30.00,2.18,
23.68,8.48,23.24,190.39,30.00,7.11,30.00,-1.74,
20.40,8.73,23.13,190.39,30.00,18.25,30.00,5.66,
17.16,8.92,22.93,190.39,30.00,13.84,30.00,5.78,
13.77,8.74,22.65,190.39,30.00,1.79,30.00,-2.15,
10.42,8.69,22.30,190.39,30.00,4.05,30.00,1.79,
3.75,8.14,21.25,183.27,30.00,-10.80,30.00,-6.22,
0.36,7.74,20.58,183.27,30.00,-10.41,30.00,-2.68,
-2.89,7.23,19.80,183.27,30.00,-18.41,30.00,-4.40,
-6.20,6.58,19.03,183.27,30.00,-30.00,30.00,-8.79,
-9.28,6.14,18.23,176.29,30.00,-19.69,30.00,-2.54,
-12.22,5.50,17.42,176.29,30.00,-30.00,30.00,-8.68,
-15.13,4.79,16.69,176.29,30.00,-30.00,30.00,-13.58,
-17.69,4.32,15.96,176.29,30.00,-23.73,30.00,-4.76,
-20.23,3.51,15.30,176.29,30.00,-30.00,30.00,-22.05,
-22.47,3.03,14.69,173.40,30.00,-26.40,30.00,-7.84,
-26.43,1.61,13.66,173.40,30.00,-30.00,30.00,-30.00,
-28.00,1.26,13.24,173.40,30.00,-13.15,30.00,-7.39,
-29.48,0.61,12.89,173.40,30.00,-30.00,30.00,-28.95,
-31.82,-0.08,12.43,137.38,30.00,-20.18,30.00,-26.02,
-32.83,-0.41,12.35,137.38,30.00,-13.71,30.00,-30.00,
-33.47,-0.37,12.30,137.38,30.00,6.06,30.00,-2.81,
-34.13,-0.57,12.35,137.38,30.00,-2.76,30.00,-25.64,
-34.41,-0.23,12.44,96.17,30.00,30.00,30.00,23.05,
-34.51,-0.05,12.56,96.17,30.00,30.00,30.00,-0.49,
-34.46,0.37,12.74,96.17,30.00,30.00,30.00,30.00,
-34.21,0.58,12.91,96.17,30.00,30.00,30.00,0.96,
-33.87,0.73,13.13,96.17,10.21,30.00,30.00,-7.44,
-33.19,1.25,13.34,67.32,-30.00,30.00,30.00,30.00,
-32.52,1.37,13.59,67.32,-30.00,30.00,30.00,-30.00,
-31.56,1.86,13.85,67.32,-30.00,30.00,-13.91,30.00,
-30.56,2.07,14.14,67.32,-30.00,30.00,-30.00,-6.36,
-29.42,2.51,14.48,67.32,-30.00,30.00,-30.00,30.00,
-28.11,2.85,14.82,47.12,-30.00,30.00,-30.00,30.00,
-25.20,3.70,15.67,47.12,-30.00,30.00,-30.00,30.00,
-23.68,3.94,16.17,47.12,-30.00,30.00,-30.00,-30.00,
-21.90,4.47,16.70,47.12,-30.00,30.00,-30.00,30.00,
-20.07,4.72,17.26,64.99,-30.00,30.00,-30.00,-30.00,
-18.15,5.08,17.89,64.99,-30.00,30.00,-30.00,-6.16,
-16.10,5.35,18.50,64.99,-30.00,30.00,-30.00,-30.00,
-14.12,5.49,19.17,64.99,-30.00,30.00,-30.00,-30.00,
-11.93,5.75,19.80,64.99,-30.00,30.00,-30.00,-30.00,
-9.90,5.70,20.46,91.49,-30.00,30.00,-30.00,-30.00,
-5.60,5.74,21.66,91.49,-30.00,30.00,-30.00,-30.00,
-3.40,5.90,22.22,91.49,-30.00,30.00,-30.00,-30.00,
-1.32,5.75,22.70,91.49,-30.00,30.00,-30.00,-30.00,
0.78,5.82,23.15,112.04,-30.00,30.00,-30.00,-30.00,
4.79,5.64,23.79,112.04,-30.00,30.00,-30.00,-30.00,
6.85,5.89,23.98,112.04,-30.00,30.00,-30.00,2.37,
8.69,5.82,24.09,112.04,-30.00,30.00,-30.00,-30.00,
10.58,6.12,24.15,124.43,-30.00,30.00,-30.00,9.30,
12.34,6.23,24.13,124.43,-30.00,30.00,-30.00,0.22,
15.64,6.81,24.01,124.43,-30.00,30.00,-30.00,15.89,
17.07,7.00,23.97,124.43,-30.00,30.00,-30.00,5.90,
18.57,7.43,23.89,135.10,-30.00,30.00,-30.00,30.00,
19.78,7.52,23.87,135.10,-30.00,30.00,-30.00,0.50,
21.08,7.96,23.86,135.10,-30.00,30.00,-30.00,30.00,
22.21,8.18,23.86,135.10,-30.00,30.00,-30.00,6.67,
23.14,8.32,23.93,135.10,-30.00,30.00,-30.00,1.77,
24.12,8.61,23.97,135.10,-30.00,30.00,-30.00,10.00,
24.81,8.57,24.07,150.57,-30.00,23.54,-30.00,-5.91,
25.58,8.86,24.16,150.57,-30.00,30.00,-30.00,6.88,
26.08,8.69,24.27,150.57,-30.00,13.28,-30.00,-12.86,
26.62,8.86,24.40,150.57,-30.00,30.00,-30.00,1.61,
26.97,8.71,24.51,150.57,-30.00,14.16,-30.00,-12.36,
27.24,8.71,24.65,150.57,-30.00,30.00,-30.00,-4.95,
27.52,8.81,24.75,163.40,-30.00,30.00,-30.00,-0.65,
27.51,8.51,24.84,163.40,-30.00,5.38,-8.43,-16.86,
27.48,8.45,24.90,163.40,-30.00,15.00,-8.11,-5.43,
27.43,8.41,24.88,163.40,-30.00,13.76,-8.71,-3.72,
27.17,8.13,24.84,163.40,-24.46,3.41,-1.58,-12.47,
26.88,8.08,24.75,164.38,-18.93,11.07,-1.34,-2.82,
26.63,8.23,24.57,164.38,-18.30,19.76,-4.18,4.83,
26.20,8.14,24.32,164.38,-6.67,6.19,0.79,-1.19,
25.63,8.00,24.02,164.38,-1.22,3.57,4.59,-2.16,
25.14,8.22,23.66,164.38,-1.87,17.41,1.32,11.53,
24.58,8.38,23.21,165.07,1.72,12.36,2.25,11.55,
23.81,8.30,22.75,165.07,10.12,2.48,9.76,2.75,
23.09,8.49,22.27,165.07,9.29,12.31,8.12,13.78,
22.40,8.78,21.74,165.07,10.21,16.04,6.38,24.15,
21.48,8.72,21.21,165.07,30.00,1.79,16.75,5.39,
20.57,8.79,20.71,167.55,26.61,6.23,17.94,9.41,
19.77,9.01,20.17,167.55,18.87,11.32,11.52,18.54,
18.78,8.84,19.66,167.55,30.00,-1.40,30.00,2.02,
17.92,8.95,19.18,167.55,30.00,7.56,17.96,11.42,
17.03,8.88,18.69,167.55,30.00,1.30,20.38,4.84,
16.08,8.72,18.27,165.28,30.00,-0.19,30.00,1.26,
15.27,8.71,17.83,165.28,30.00,3.71,19.05,6.52,
14.28,8.35,17.45,165.28,30.00,-6.89,30.00,-5.71,
13.48,8.29,17.06,165.28,30.00,2.53,22.86,4.22,
12.49,7.86,16.67,165.28,30.00,-10.09,30.00,-8.04,
11.71,7.81,16.27,161.70,30.00,1.83,26.73,4.50,
10.81,7.44,15.84,161.70,30.00,-9.65,30.00,-5.26,
10.00,7.32,15.43,161.70,30.00,-0.95,30.00,2.25,
9.10,6.91,14.97,161.70,30.00,-13.07,30.00,-6.19,
8.36,6.81,14.52,161.70,30.00,-1.49,25.02,3.58,
7.57,6.52,14.02,159.19,30.00,-9.78,30.00,-1.66,
6.83,6.34,13.58,159.19,30.00,-4.35,30.00,1.25,
6.09,6.00,13.10,159.19,30.00,-13.17,30.00,-3.86,
5.48,5.90,12.67,159.19,30.00,-2.31,17.90,3.52,
4.89,5.68,12.22,159.19,30.00,-7.24,16.50,-0.04,
4.23,5.35,11.85,157.43,30.00,-10.85,30.00,-5.23,
3.69,5.11,11.46,157.43,30.00,-7.96,16.71,-2.05,
3.16,4.91,11.15,157.43,30.00,-5.04,19.20,-1.81,
2.79,4.78,10.79,157.43,16.99,-3.56,9.41,0.98,
2.33,4.45,10.50,157.43,22.36,-10.70,15.64,-7.10,
2.12,4.50,10.21,156.20,7.54,3.32,3.98,6.77,
1.80,4.20,9.95,156.20,12.55,-9.05,9.77,-6.67,
1.61,4.14,9.76,156.20,5.54,0.50,5.63,0.42,
1.53,4.08,9.55,156.20,2.06,0.69,1.52,1.21,
1.32,3.95,9.32,157.34,-2.82,8.61,-0.61,5.88,
1.16,3.69,9.26,157.34,2.67,-3.98,7.51,-9.11,
1.23,3.80,9.22,157.34,-5.78,9.57,-0.80,3.88,
1.22,3.66,9.18,157.34,-3.20,0.37,1.75,-4.73,
1.30,3.72,9.21,157.34,-7.52,8.62,-0.03,0.85,
1.41,3.68,9.22,156.14,-8.59,4.29,-1.29,-2.21,
1.41,3.52,9.31,156.14,-5.85,1.61,3.81,-8.47,
1.64,3.68,9.37,156.14,-17.74,15.60,-4.85,3.71,
1.71,3.51,9.47,156.14,-8.88,1.42,1.42,-8.88,
1.96,3.71,9.56,156.14,-20.97,19.74,-5.01,4.52,
2.18,3.77,9.64,157.30,-18.18,10.40,-4.48,0.00,
2.27,3.64,9.78,157.30,-11.57,3.55,1.21,-8.37,
2.56,3.78,9.88,157.30,-30.00,15.32,-7.00,2.16,
2.70,3.70,10.07,157.30,-16.55,6.44,-0.04,-7.10,
3.04,3.88,10.21,157.30,-30.00,21.32,-8.29,2.93,
3.19,3.70,10.41,156.11,-19.64,3.28,-0.40,-12.31,
3.47,3.79,10.63,156.11,-30.00,16.23,-4.56,-1.90,
3.77,3.79,10.81,156.11,-30.00,10.89,-6.32,-4.19,
3.99,3.76,11.05,156.11,-30.00,10.50,-2.26,-6.80,
4.32,3.84,11.23,156.11,-30.00,15.45,-7.82,-1.25,
4.44,3.72,11.44,157.28,-20.91,6.05,0.24,-10.28,
4.70,3.84,11.62,157.28,-30.00,17.70,-5.03,-0.12,
4.91,3.69,11.87,157.28,-13.38,6.00,1.54,-7.45,
5.12,3.88,11.94,157.28,-24.88,19.85,-5.76,4.14,
5.13,3.71,12.00,158.09,-9.65,1.70,1.26,-9.04,
5.31,3.94,12.03,158.09,-19.73,20.70,-5.22,5.62,
5.49,4.07,12.07,158.09,-10.86,9.75,-0.03,-0.71,
5.67,4.30,12.05,158.09,-17.74,19.56,-6.28,7.19,
5.64,4.20,12.08,158.67,-7.82,3.77,1.54,-5.24,
5.86,4.51,12.08,158.67,-22.04,30.00,-7.55,10.40,
5.90,4.44,12.10,158.67,-11.22,5.18,-1.06,-3.60,
6.08,4.62,12.15,158.67,-20.80,18.82,-5.21,4.38,
6.35,4.81,12.15,158.67,-30.00,18.01,-10.04,5.48,
6.46,4.75,12.22,159.07,-16.64,6.33,-2.71,-4.13,
6.82,5.07,12.27,159.07,-30.00,30.00,-13.75,10.05,
6.98,4.97,12.35,159.07,-23.43,5.67,-4.53,-5.64,
7.32,5.23,12.46,159.07,-30.00,30.00,-12.07,6.51,
7.53,5.14,12.57,159.07,-30.00,6.79,-6.12,-5.90,
7.81,5.27,12.75,157.35,-30.00,23.44,-7.91,0.87,
8.17,5.41,12.91,157.35,-30.00,22.14,-12.31,1.04,
8.38,5.38,13.16,157.35,-30.00,13.66,-3.95,-6.27,
8.72,5.56,13.38,157.35,-30.00,30.00,-10.54,1.59,
8.82,5.39,13.65,157.35,-30.00,7.84,0.07,-13.22,
9.10,5.56,13.88,158.14,-30.00,30.00,-7.49,0.92,
9.08,5.30,14.12,158.14,-19.13,3.43,3.18,-18.54,
9.09,5.26,14.42,158.14,-11.05,5.37,3.85,-9.13,
8.80,5.11,14.53,158.14,-2.99,5.19,12.03,-9.12,
8.56,5.22,14.52,156.70,-2.38,15.03,7.48,2.60,
7.94,4.95,14.47,156.70,14.12,-1.86,30.00,-11.35,
7.39,5.07,14.33,156.70,13.25,11.56,27.49,5.00,
6.48,4.83,14.13,156.70,30.00,-3.65,30.00,-6.57,
5.55,4.87,13.89,156.70,30.00,5.81,30.00,4.19,
4.31,4.52,13.62,155.69,30.00,-10.02,30.00,-9.95,
3.02,4.45,13.33,155.69,30.00,0.09,30.00,0.64,
1.53,4.09,13.00,155.69,30.00,-12.37,30.00,-8.89,
0.01,3.99,12.67,155.69,30.00,-2.00,30.00,0.48,
-1.77,3.50,12.33,155.69,30.00,-26.33,30.00,-15.93,
-3.49,3.32,11.97,152.98,30.00,-6.62,30.00,-2.16,
-5.52,2.70,11.61,152.98,30.00,-30.00,30.00,-30.00,
-7.43,2.45,11.21,152.98,30.00,-12.46,30.00,-4.31,
-9.66,1.74,10.83,152.98,30.00,-30.00,30.00,-30.00,
-11.70,1.42,10.40,152.98,30.00,-19.22,30.00,-6.41,
-14.03,0.68,9.98,151.09,30.00,-30.00,30.00,-30.00,
-16.21,0.34,9.55,151.09,30.00,-30.00,30.00,-8.52,
-18.63,-0.41,9.14,151.09,30.00,-30.00,30.00,-30.00,
-20.81,-0.74,8.70,151.09,30.00,-30.00,30.00,-8.52,
-23.21,-1.47,8.34,151.09,30.00,-30.00,30.00,-30.00,
-25.33,-1.74,7.96,151.09,30.00,-21.90,30.00,-7.63,
-27.64,-2.32,7.67,155.76,30.00,-30.00,30.00,-30.00,
-29.64,-2.58,7.34,155.76,30.00,-18.40,30.00,-8.20,
-31.74,-2.99,7.12,155.76,30.00,-30.00,30.00,-20.93,
-33.56,-3.22,6.86,155.76,30.00,-15.07,30.00,-8.57,
-35.43,-3.60,6.68,155.76,30.00,-27.87,30.00,-21.24,
-36.90,-3.62,6.47,109.03,30.00,-9.68,30.00,-3.18,
-38.41,-3.77,6.37,109.03,30.00,-22.65,30.00,-30.00,
-39.55,-3.72,6.22,109.03,30.00,-2.14,30.00,-0.69,
-40.64,-3.60,6.18,109.03,30.00,6.48,30.00,0.11,
-41.42,-3.46,6.11,109.03,30.00,6.86,30.00,2.85,
-42.12,-3.29,6.13,76.32,30.00,30.00,30.00,4.78,
-42.38,-2.91,6.09,76.32,30.00,30.00,30.00,30.00,
-42.51,-2.36,6.11,76.32,30.00,30.00,30.00,30.00,
-42.34,-2.00,6.07,76.32,30.00,30.00,30.00,30.00,
-42.02,-1.48,6.07,76.32,30.00,30.00,30.00,30.00,
-41.42,-1.16,6.01,76.32,30.00,30.00,30.00,30.00,
-39.58,-0.23,5.90,53.43,-30.00,30.00,-30.00,30.00,
-38.26,0.49,5.84,53.43,-30.00,30.00,-30.00,30.00,
-36.86,0.79,5.75,53.43,-30.00,30.00,-30.00,30.00,
-35.07,1.51,5.65,53.43,-30.00,30.00,-30.00,30.00,
-33.29,1.81,5.56,37.40,-30.00,30.00,-30.00,30.00,
-31.12,2.49,5.44,37.40,-30.00,30.00,-30.00,30.00,
-28.94,2.77,5.29,37.40,-30.00,30.00,-30.00,30.00,
-26.40,3.44,5.12,37.40,-30.00,30.00,-30.00,30.00,
-23.93,3.70,4.98,37.40,-30.00,30.00,-30.00,30.00,
-21.10,4.40,4.81,60.18,-30.00,30.00,-30.00,30.00,
-18.42,4.70,4.67,60.18,-30.00,30.00,-30.00,30.00,
-15.42,5.40,4.52,60.18,-30.00,30.00,-30.00,30.00,
-12.59,5.78,4.45,60.18,-30.00,30.00,-30.00,30.00,
-9.45,6.46,4.37,60.18,-30.00,30.00,-30.00,30.00,
-6.50,6.88,4.41,86.13,-30.00,30.00,-30.00,30.00,
-3.30,7.55,4.44,86.13,-30.00,30.00,-30.00,30.00,
-0.25,8.00,4.60,86.13,-30.00,30.00,-30.00,30.00,
3.03,8.72,4.79,86.13,-30.00,30.00,-30.00,30.00,
6.08,9.04,5.09,86.13,-30.00,30.00,-30.00,30.00,
9.35,9.68,5.39,104.29,-30.00,30.00,-30.00,30.00,
12.36,9.97,5.79,104.29,-30.00,30.00,-30.00,30.00,
15.54,10.50,6.14,104.29,-30.00,30.00,-30.00,30.00,
18.45,10.73,6.59,104.29,-30.00,30.00,-30.00,14.25,
21.43,11.14,6.97,104.29,-30.00,30.00,-30.00,30.00,
24.11,11.35,7.43,104.29,-30.00,30.00,-30.00,11.92,
26.80,11.65,7.81,127.00,-30.00,30.00,-30.00,18.70,
29.26,11.84,8.27,127.00,-30.00,30.00,-30.00,6.18,
31.69,12.05,8.65,127.00,-30.00,30.00,-30.00,9.74,
33.93,12.25,9.10,127.00,-30.00,30.00,-30.00,7.14,
36.15,12.61,9.48,127.00,-30.00,30.00,-30.00,30.00,
38.05,12.64,9.91,134.90,-30.00,30.00,-30.00,-1.31,
39.96,12.71,10.31,134.90,-30.00,30.00,-30.00,0.99,
41.63,12.70,10.77,134.90,-30.00,30.00,-30.00,-4.04,
43.33,12.90,11.17,134.90,-30.00,30.00,-30.00,6.57,
44.69,12.84,11.62,134.90,-30.00,30.00,-30.00,-6.55,
46.04,12.95,12.01,138.43,-30.00,30.00,-30.00,2.27,
47.09,12.81,12.43,138.43,-30.00,30.00,-30.00,-11.05,
48.14,12.87,12.79,138.43,-30.00,30.00,-30.00,0.64,
48.85,12.65,13.15,138.43,-30.00,21.37,-30.00,-15.84,
49.57,12.68,13.46,138.43,-30.00,30.00,-30.00,-0.04,
49.92,12.30,13.78,142.90,-30.00,7.03,-30.00,-30.00,
50.34,12.31,14.06,142.90,-30.00,30.00,-30.00,-1.20,
50.40,11.89,14.36,142.90,-30.00,4.75,-30.00,-30.00,
50.49,11.93,14.64,142.90,-30.00,30.00,-30.00,-0.53,
50.28,11.55,14.90,142.90,-30.00,5.39,-30.00,-30.00,
50.08,11.60,15.15,146.03,-30.00,30.00,-30.00,0.07,
49.64,11.32,15.34,146.03,-30.00,8.26,-14.78,-14.43,
49.04,11.19,15.51,146.03,-30.00,17.21,-5.40,-6.00,
48.43,11.33,15.57,146.03,-30.00,30.00,-7.17,7.46,
47.45,11.21,15.58,146.03,-5.12,11.77,7.77,-2.04,
46.39,11.47,15.51,152.22,0.40,30.00,10.27,17.73,
45.22,11.85,15.31,152.22,8.34,30.00,14.21,30.00,
43.64,11.92,15.09,152.22,30.00,15.96,30.00,11.11,
42.07,12.37,14.77,152.22,30.00,30.00,30.00,30.00,
40.11,12.39,14.43,152.22,30.00,9.51,30.00,11.82,
38.10,12.75,14.05,152.56,30.00,30.00,30.00,30.00,
35.78,12.66,13.64,152.56,30.00,3.58,30.00,9.37,
33.39,12.83,13.21,152.56,30.00,15.33,30.00,30.00,
30.82,12.75,12.72,152.56,30.00,1.92,30.00,12.43,
28.09,12.72,12.25,152.56,30.00,3.93,30.00,14.73,
22.29,12.30,11.18,152.79,30.00,-4.92,30.00,5.86,
19.34,12.17,10.57,152.79,30.00,-3.08,30.00,13.36,
16.10,11.51,9.94,152.79,30.00,-30.00,30.00,-8.52,
13.01,11.18,9.23,152.79,30.00,-16.89,30.00,5.88,
9.67,10.25,8.48,152.95,30.00,-30.00,30.00,-23.71,
6.50,9.65,7.67,152.95,30.00,-30.00,30.00,-2.64,
3.11,8.50,6.83,152.95,30.00,-30.00,30.00,-30.00,
-0.15,7.67,5.97,152.95,30.00,-30.00,30.00,-12.83,
-3.50,6.31,5.09,152.95,30.00,-30.00,30.00,-30.00,
-9.98,3.90,3.46,153.07,30.00,-30.00,30.00,-30.00,
-13.11,2.81,2.75,153.07,30.00,-30.00,30.00,-30.00,
-16.12,1.68,2.09,153.07,30.00,-30.00,30.00,-30.00,
-19.24,0.37,1.54,153.07,30.00,-30.00,30.00,-30.00,
-22.10,-0.64,0.99,153.15,30.00,-30.00,30.00,-30.00,
-25.08,-1.93,0.54,153.15,30.00,-30.00,30.00,-30.00,
-27.74,-2.82,0.10,153.15,30.00,-30.00,30.00,-30.00,
-30.53,-3.99,-0.21,153.15,30.00,-30.00,30.00,-30.00,
-32.95,-4.64,-0.49,153.15,30.00,-30.00,30.00,-30.00,
-35.45,-5.57,-0.62,149.20,30.00,-30.00,30.00,-30.00,
-37.54,-5.95,-0.68,149.20,30.00,-30.00,30.00,-30.00,
-39.68,-6.61,-0.63,149.20,30.00,-30.00,30.00,-30.00,
-41.43,-6.71,-0.52,149.20,30.00,-7.37,30.00,-12.63,
-43.17,-7.13,-0.33,149.20,30.00,-30.00,30.00,-30.00,
-44.60,-7.09,-0.07,104.44,30.00,2.55,30.00,-30.00,
-45.79,-7.21,0.19,104.44,30.00,-12.12,30.00,-30.00,
-46.80,-7.00,0.52,104.44,30.00,30.00,30.00,-8.14,
-47.51,-6.88,0.84,104.44,30.00,12.65,30.00,-20.57,
-48.05,-6.50,1.21,104.44,30.00,30.00,30.00,4.23,
-48.26,-6.20,1.54,104.44,30.00,30.00,30.00,0.19,
-48.32,-5.68,1.90,73.11,30.00,30.00,30.00,30.00,
-48.02,-5.26,2.22,73.11,30.00,30.00,30.00,30.00,
-47.60,-4.71,2.54,73.11,30.00,30.00,30.00,30.00,
-46.81,-4.27,2.78,73.11,-1.29,30.00,30.00,30.00,
-45.93,-3.82,3.03,73.11,-30.00,30.00,30.00,30.00,
-44.67,-3.45,3.18,51.18,-30.00,30.00,-30.00,30.00,
-43.36,-3.30,3.33,51.18,-30.00,30.00,-30.00,-7.25,
-41.63,-2.79,3.43,51.18,-30.00,30.00,-30.00,30.00,
-39.93,-2.72,3.52,51.18,-30.00,30.00,-30.00,-30.00,
-37.83,-2.25,3.59,51.18,-30.00,30.00,-30.00,30.00,
-35.74,-2.19,3.67,35.82,-30.00,30.00,-30.00,-30.00,
-30.90,-1.60,3.86,35.82,-30.00,30.00,-30.00,-4.12,
-28.19,-1.05,4.01,35.82,-30.00,30.00,-30.00,30.00,
-25.52,-0.84,4.16,35.82,-30.00,30.00,-30.00,30.00,
-22.63,-0.22,4.35,45.08,-30.00,30.00,-30.00,30.00,
-19.76,0.10,4.55,45.08,-30.00,30.00,-30.00,30.00,
-16.86,0.57,4.81,45.08,-30.00,30.00,-30.00,30.00,
-13.90,0.95,5.05,45.08,-30.00,30.00,-30.00,30.00,
-10.97,1.41,5.36,45.08,-30.00,30.00,-30.00,30.00,
-5.02,2.40,6.00,77.55,-30.00,30.00,-30.00,30.00,
-1.98,3.01,6.32,77.55,-30.00,30.00,-30.00,30.00,
0.82,3.31,6.70,77.55,-30.00,30.00,-30.00,23.72,
3.79,3.88,7.02,77.55,-30.00,30.00,-30.00,30.00,
6.49,4.12,7.39,77.55,-30.00,30.00,-30.00,8.50,
9.34,4.67,7.70,110.29,-30.00,30.00,-30.00,30.00,
11.93,4.83,8.04,110.29,-30.00,30.00,-30.00,0.32,
14.65,5.35,8.35,110.29,-30.00,30.00,-30.00,30.00,
17.11,5.45,8.67,110.29,-30.00,30.00,-30.00,-2.70,
19.57,5.83,8.99,110.29,-30.00,30.00,-30.00,30.00,
21.93,6.01,9.26,123.20,-30.00,30.00,-30.00,4.24,
24.15,6.30,9.55,123.20,-30.00,30.00,-30.00,10.94,
26.28,6.51,9.75,123.20,-30.00,30.00,-30.00,8.52,
28.21,6.71,9.96,123.20,-30.00,30.00,-30.00,7.99,
30.09,6.97,10.08,123.20,-30.00,30.00,-30.00,16.70,
31.69,7.10,10.17,132.24,-30.00,30.00,-30.00,6.06,
33.31,7.41,10.14,132.24,-30.00,30.00,-30.00,30.00,
34.60,7.51,10.07,132.24,-30.00,21.45,-30.00,9.96,
35.87,7.91,9.88,132.24,-30.00,30.00,-30.00,30.00,
36.87,8.00,9.62,132.24,-30.00,12.17,-30.00,18.00,
37.79,8.41,9.29,138.57,-30.00,30.00,-30.00,30.00,
38.49,8.57,8.88,138.57,-30.00,10.02,-30.00,30.00,
39.06,8.95,8.43,138.57,-30.00,30.00,-30.00,30.00,
39.47,9.12,7.92,138.57,-30.00,8.37,-30.00,30.00,
39.70,9.41,7.40,138.57,-30.00,16.06,-30.00,30.00,
39.78,9.60,6.83,143.00,-30.00,6.98,-30.00,30.00,
39.61,9.75,6.29,143.00,-30.00,5.86,-30.00,30.00,
39.37,9.92,5.71,143.00,-15.63,5.65,-30.00,30.00,
38.76,9.82,5.16,143.00,2.10,-5.16,-26.30,17.09,
38.08,9.98,4.62,143.00,6.27,5.59,-14.88,30.00,
37.25,10.02,4.08,148.10,14.18,0.46,-5.94,30.00,
36.13,9.81,3.62,148.10,30.00,-8.71,8.38,7.32,
34.99,9.79,3.15,148.10,30.00,-0.83,10.27,19.85,
33.55,9.30,2.73,148.10,30.00,-30.00,30.00,-4.74,
32.12,9.10,2.33,148.10,30.00,-7.79,30.00,6.45,
30.51,8.58,1.95,151.67,30.00,-30.00,30.00,-6.64,
28.75,8.08,1.63,151.67,30.00,-30.00,30.00,-7.80,
26.95,7.51,1.30,151.67,30.00,-30.00,30.00,-11.05,
25.08,7.03,1.03,151.67,30.00,-30.00,30.00,-8.36,
23.13,6.41,0.78,151.67,30.00,-30.00,30.00,-18.16,
20.98,5.64,0.62,152.17,30.00,-30.00,30.00,-30.00,
18.88,5.02,0.45,152.17,30.00,-30.00,30.00,-24.78,
16.56,4.21,0.37,152.17,30.00,-30.00,30.00,-30.00,
14.38,3.63,0.26,152.17,30.00,-30.00,30.00,-30.00,
11.96,2.79,0.23,152.17,30.00,-30.00,30.00,-30.00,
9.74,2.28,0.17,152.17,30.00,-30.00,30.00,-23.78,
7.32,1.48,0.14,160.52,30.00,-30.00,30.00,-30.00,
5.10,1.07,0.10,160.52,30.00,-17.21,30.00,-14.96,
2.72,0.34,0.12,160.52,30.00,-30.00,30.00,-30.00,
0.54,0.01,0.13,160.52,30.00,-12.36,30.00,-13.33,
-1.68,-0.58,0.15,160.52,30.00,-30.00,30.00,-30.00,
-3.72,-0.83,0.18,158.36,30.00,-8.77,30.00,-10.55,
-5.75,-1.28,0.21,158.36,30.00,-23.93,30.00,-30.00,
-7.62,-1.41,0.26,158.36,30.00,-4.22,30.00,-6.20,
-9.44,-1.74,0.27,158.36,30.00,-14.79,30.00,-15.90,
-11.10,-1.78,0.31,158.36,30.00,-1.48,30.00,-3.08,
-12.67,-2.00,0.32,156.85,30.00,-9.48,30.00,-10.41,
-14.08,-1.95,0.38,156.85,30.00,1.34,30.00,-0.66,
-15.28,-1.93,0.41,156.85,30.00,-0.05,30.00,-1.34,
-16.51,-2.01,0.52,156.85,30.00,-1.73,30.00,-6.12,
-18.44,-2.05,0.74,155.80,30.00,-3.43,30.00,-9.99,
-19.11,-1.88,0.87,155.80,30.00,7.30,30.00,1.92,
-19.83,-1.89,1.07,155.80,30.00,2.35,30.00,-5.33,
-20.22,-1.58,1.26,155.80,30.00,17.07,30.00,6.12,
-20.70,-1.59,1.49,155.80,30.00,2.88,30.00,-6.42,
-20.87,-1.30,1.72,155.06,25.94,18.56,30.00,4.87,
-21.02,-1.30,1.94,155.06,21.78,3.72,30.00,-5.66,
-21.14,-1.29,2.23,155.06,16.88,4.97,30.00,-6.94,
-20.99,-1.06,2.48,155.06,4.43,15.79,20.64,2.23,
-20.61,-0.72,3.01,156.54,-2.33,30.00,9.51,7.56,
-20.27,-0.57,3.25,156.54,-2.97,10.94,7.68,-0.56,
-19.93,-0.46,3.51,156.54,-3.46,10.32,8.40,-1.99,
-19.35,-0.01,3.72,156.54,-13.75,30.00,-1.61,12.17,
-18.74,0.19,3.89,156.54,-15.43,13.40,-3.71,2.52,
-18.17,0.32,4.10,159.58,-14.27,10.42,-2.10,-0.28,
-17.38,0.78,4.29,159.58,-30.00,30.00,-11.51,13.53,
-16.66,0.93,4.47,159.58,-30.00,11.08,-8.91,0.90,
-15.84,1.42,4.68,159.58,-30.00,30.00,-13.81,14.96,
-14.96,1.83,4.88,159.58,-30.00,30.00,-19.15,11.20,
-14.20,2.13,5.15,159.71,-30.00,30.00,-11.18,5.37,
-13.28,2.64,5.40,159.71,-30.00,30.00,-23.25,15.32,
-12.52,2.87,5.71,159.71,-30.00,27.13,-11.01,2.29,
-11.62,3.38,6.03,159.71,-30.00,30.00,-20.54,14.29,
-10.73,3.67,6.37,159.71,-30.00,30.00,-20.01,4.21,
-9.86,4.07,6.77,159.79,-30.00,30.00,-17.61,7.72,
-8.96,4.36,7.17,159.79,-30.00,30.00,-20.37,3.32,
-8.23,4.47,7.64,159.79,-30.00,30.00,-9.16,-3.54,
-7.36,4.78,8.08,159.79,-30.00,30.00,-17.89,3.16,
-6.71,4.77,8.57,159.79,-30.00,17.88,-6.53,-8.62,
-5.94,5.06,9.03,157.86,-30.00,30.00,-13.03,2.40,
-5.32,5.00,9.46,157.86,-30.00,13.99,-7.06,-10.21,
-4.78,5.02,9.88,157.86,-30.00,19.77,-4.73,-6.83,
-4.16,5.14,10.22,157.86,-30.00,30.00,-9.93,-1.31,
-3.25,5.27,10.77,158.50,-30.00,30.00,-7.58,2.68,
-2.96,5.08,10.96,158.50,-20.59,3.82,-1.03,-11.09,
-2.68,5.08,11.12,158.50,-18.31,11.48,-0.96,-2.68,
-2.36,5.22,11.21,158.50,-19.65,17.23,-4.10,3.01,
-2.13,5.01,11.34,160.95,-5.93,7.50,3.77,-2.41,
-1.98,5.07,11.33,160.95,-7.64,9.35,-0.06,1.32,
-2.02,4.85,11.35,160.95,-1.17,-0.04,6.96,-8.56,
-2.01,4.92,11.36,160.95,-3.11,10.58,4.74,1.46,
-1.96,5.00,11.35,160.95,-3.66,10.32,3.08,2.30,
-2.10,4.74,11.36,160.66,1.80,-1.34,11.17,-10.51,
-2.19,4.68,11.43,160.66,-0.16,6.07,10.29,-3.45,
-2.25,4.56,11.48,160.66,-1.30,3.71,8.44,-5.56,
-2.46,4.28,11.60,160.66,2.53,-0.53,19.17,-14.90,
-2.54,4.32,11.75,160.66,-1.88,11.90,11.92,-1.89,
-2.60,4.24,11.90,162.47,-2.36,6.61,11.50,-6.39,
-2.83,3.97,12.12,162.47,1.66,1.20,28.71,-17.48,
-2.92,4.03,12.35,162.47,-2.79,14.32,14.86,-3.10,
-2.99,3.97,12.57,162.47,-3.15,9.07,14.18,-6.94,
-3.21,3.72,12.82,162.47,0.69,2.38,30.00,-18.60,
-3.29,3.79,13.08,163.73,-3.44,16.09,16.05,-3.41,
-3.34,3.78,13.32,163.73,-4.33,11.09,13.59,-6.13,
-3.54,3.54,13.58,163.73,0.18,3.14,30.00,-17.78,
-3.57,3.69,14.04,163.73,-5.15,12.03,12.65,-5.60,
-3.72,3.47,14.31,164.61,-1.74,3.89,22.36,-16.92,
-3.72,3.62,14.57,164.61,-6.59,22.64,12.92,-1.87,
-3.66,3.62,14.82,164.61,-8.38,12.42,9.83,-6.22,
-3.72,3.42,15.11,164.61,-4.95,5.38,17.53,-16.72,
-3.62,3.57,15.40,164.61,-11.75,26.57,9.31,-2.44,
-3.48,3.59,15.68,165.23,-13.50,14.10,7.11,-6.68,
-3.47,3.39,16.01,165.23,-8.83,6.26,14.24,-18.37,
-3.29,3.53,16.33,165.23,-17.44,26.84,6.83,-3.68,
-3.08,3.51,16.64,165.23,-20.10,13.80,5.49,-9.20,
-3.01,3.30,17.00,165.23,-13.11,6.52,11.80,-21.67,
-2.85,3.28,17.37,167.66,-17.84,14.63,8.30,-10.48,
-2.55,3.37,17.70,167.66,-30.00,21.39,2.57,-5.63,
-2.41,3.14,18.07,167.66,-17.60,6.14,9.04,-24.62,
-2.15,3.21,18.43,167.66,-30.00,21.25,4.30,-7.13,
-1.83,3.19,18.77,167.66,-30.00,14.65,2.30,-10.44,
-1.58,3.18,19.14,163.36,-30.00,17.51,4.92,-11.70,
-1.01,3.05,19.81,163.36,-30.00,10.95,6.10,-19.00,
-0.63,3.06,20.06,163.36,-30.00,15.12,-1.25,-9.01,
-0.34,3.06,20.35,163.36,-30.00,16.54,1.91,-9.71,
-0.20,2.89,20.57,158.35,-21.37,6.99,6.27,-19.65,
0.08,2.88,20.70,158.35,-30.00,12.61,-0.38,-8.20,
0.22,2.85,20.88,158.35,-20.28,12.77,5.16,-9.73,
0.23,2.75,21.02,158.35,-11.07,8.54,10.32,-13.10,
0.21,2.60,21.08,158.35,-8.45,4.88,9.11,-13.55,
0.51,2.65,21.22,146.85,-26.06,19.18,4.28,-6.47,
0.57,2.66,21.38,146.85,-19.52,18.58,9.63,-10.15,
0.56,2.61,21.56,146.85,-14.02,14.73,14.64,-13.93,
0.48,2.53,21.72,146.85,-10.09,12.26,19.15,-15.93,
0.38,2.42,21.86,134.79,-9.76,12.11,30.00,-26.47,
0.25,2.29,21.98,134.79,-8.12,9.93,30.00,-30.00,
0.14,2.17,22.13,134.79,-9.19,11.61,30.00,-30.00,
0.07,2.08,22.31,134.79,-13.17,15.17,30.00,-27.94,
0.01,2.00,22.48,134.79,-13.88,15.07,30.00,-28.27,
-0.12,1.59,22.86,122.35,-9.88,6.67,30.00,-30.00,
-0.38,1.41,22.92,122.35,0.29,6.32,30.00,-30.00,
-0.61,1.27,23.00,122.35,-1.39,9.29,30.00,-30.00,
-0.62,1.11,23.13,107.65,-30.00,13.77,30.00,-30.00,
-0.64,1.04,23.20,107.65,-30.00,23.86,30.00,-30.00,
-0.69,1.01,23.16,107.65,-12.68,20.77,30.00,-26.08,
-0.94,1.05,23.08,107.65,5.95,30.00,30.00,-10.71,
-1.22,1.18,22.53,97.35,-23.36,13.84,30.00,-30.00,
-1.13,1.02,22.46,97.35,-30.00,4.96,13.69,-30.00,
-1.22,0.98,22.41,97.35,-7.68,24.16,30.00,-30.00,
-1.20,1.00,22.41,88.15,-30.00,30.00,30.00,-30.00,
-1.20,0.90,22.39,88.15,-30.00,20.08,30.00,-30.00,
-1.23,0.87,22.39,88.15,-30.00,30.00,30.00,-30.00,
-1.14,0.81,22.43,88.15,-30.00,30.00,30.00,-30.00,
-1.16,0.77,22.46,88.15,-30.00,30.00,30.00,-30.00,
-1.13,0.78,22.54,79.70,-30.00,30.00,30.00,-30.00,
-1.15,0.71,22.56,79.70,-30.00,30.00,30.00,-30.00,
-1.15,0.73,22.57,79.70,-30.00,30.00,30.00,-30.00,
-1.23,0.71,22.57,79.70,-24.20,30.00,30.00,-30.00,
-1.25,0.67,22.56,79.70,-30.00,30.00,30.00,-30.00,
-1.29,0.60,22.57,71.79,-30.00,30.00,30.00,-30.00,
-1.32,0.54,22.55,71.79,-30.00,30.00,30.00,-30.00,
-1.30,0.47,22.55,71.79,-30.00,30.00,30.00,-30.00,
-1.33,0.40,22.55,71.79,-30.00,30.00,30.00,-30.00,
-1.33,0.32,22.58,71.79,-30.00,30.00,30.00,-30.00,
-1.32,0.26,22.60,64.25,-30.00,30.00,30.00,-30.00,
-1.32,0.23,22.66,64.25,-30.00,30.00,30.00,-30.00,
-1.28,0.21,22.71,64.25,-30.00,30.00,30.00,-30.00,
-1.29,0.18,22.78,64.25,-30.00,30.00,30.00,-30.00,
-1.24,0.16,22.82,64.25,-30.00,30.00,30.00,-30.00,
-1.28,0.15,22.83,58.98,-30.00,30.00,30.00,-30.00,
-1.24,0.13,22.81,58.98,-30.00,30.00,30.00,-30.00,
-1.30,0.13,22.79,58.98,-30.00,30.00,30.00,-30.00,
-1.25,0.11,22.75,58.98,-30.00,30.00,30.00,-30.00,
-1.31,0.11,22.73,58.98,-30.00,30.00,30.00,-30.00,
-1.31,0.08,22.72,53.28,-30.00,30.00,30.00,-30.00,
-1.36,0.07,22.75,53.28,-30.00,30.00,30.00,-30.00,
-1.31,0.03,22.74,53.28,-30.00,30.00,30.00,-30.00,
-1.38,0.06,22.75,53.28,-30.00,30.00,30.00,-30.00,
-1.37,0.04,22.76,53.28,-30.00,30.00,30.00,-30.00,
-1.40,0.04,22.78,51.30,-30.00,30.00,30.00,-30.00,
-1.41,0.04,22.82,51.30,-30.00,30.00,30.00,-30.00,
-1.40,-0.00,22.86,51.30,-30.00,30.00,30.00,-30.00,
-1.41,0.00,22.91,51.30,-30.00,30.00,30.00,-30.00,
-1.41,-0.00,22.98,51.30,-30.00,30.00,30.00,-30.00,
-1.43,-0.05,23.06,47.91,-30.00,30.00,30.00,-30.00,
-1.44,-0.04,23.06,47.91,-30.00,30.00,30.00,-30.00,
-1.46,-0.05,23.05,41.54,-30.00,30.00,30.00,-30.00,
-1.47,-0.07,23.04,41.54,-30.00,30.00,30.00,-30.00,
-1.47,-0.07,23.06,41.54,-30.00,30.00,30.00,-30.00,
-1.48,-0.07,23.05,41.54,-30.00,30.00,30.00,-30.00,
-1.49,-0.08,23.04,41.54,-30.00,30.00,30.00,-30.00,
-1.48,-0.09,23.04,39.08,-30.00,30.00,30.00,-30.00,
-1.51,-0.10,23.02,39.08,-30.00,30.00,30.00,-30.00,
-1.51,-0.10,23.00,39.08,-30.00,30.00,30.00,-30.00,
-1.50,-0.08,22.99,39.08,-30.00,30.00,30.00,-30.00,
-1.52,-0.07,22.99,39.08,-30.00,30.00,30.00,-30.00,
-1.54,-0.07,22.98,35.35,-30.00,30.00,30.00,-30.00,
-1.54,-0.10,22.97,35.35,-30.00,30.00,30.00,-30.00,
-1.53,-0.11,22.97,35.35,-30.00,30.00,30.00,-30.00,
-1.55,-0.11,22.95,35.35,-30.00,30.00,30.00,-30.00,
-1.56,-0.11,22.94,35.35,-30.00,30.00,30.00,-30.00,
-1.55,-0.14,22.93,35.35,-30.00,30.00,30.00,-30.00,
-1.55,-0.15,22.92,34.75,-30.00,30.00,30.00,-30.00,
-1.58,-0.15,22.91,34.75,-30.00,30.00,30.00,-30.00,
-1.58,-0.17,22.91,34.75,-30.00,30.00,30.00,-30.00,
-1.57,-0.20,22.90,34.75,-30.00,30.00,30.00,-30.00,
-1.58,-0.21,22.89,34.75,-30.00,30.00,30.00,-30.00,
-1.59,-0.21,22.88,32.32,-30.00,30.00,30.00,-30.00,
-1.60,-0.23,22.87,32.32,-30.00,30.00,30.00,-30.00,
-1.59,-0.25,22.87,32.32,-30.00,30.00,30.00,-30.00,
-1.60,-0.24,22.86,32.32,-30.00,30.00,30.00,-30.00,
-1.60,-0.24,22.86,32.32,-30.00,30.00,30.00,-30.00,
-1.61,-0.26,22.84,28.63,-30.00,30.00,30.00,-30.00,
-1.61,-0.27,22.83,28.63,-30.00,30.00,30.00,-30.00,
-1.61,-0.27,22.81,28.63,-30.00,30.00,30.00,-30.00,
-1.62,-0.26,22.80,28.63,-30.00,30.00,30.00,-30.00,
-1.63,-0.27,22.80,26.04,-30.00,30.00,30.00,-30.00,
-1.63,-0.28,22.78,26.04,-30.00,30.00,30.00,-30.00,
-1.63,-0.28,22.77,26.04,-30.00,30.00,30.00,-30.00,
-1.64,-0.27,22.76,26.04,-30.00,30.00,30.00,-30.00,
-1.65,-0.29,22.75,24.23,-30.00,30.00,30.00,-30.00,
-1.64,-0.30,22.74,24.23,-30.00,30.00,30.00,-30.00,
-1.65,-0.30,22.73,24.23,-30.00,30.00,30.00,-30.00,
-1.65,-0.31,22.72,24.23,-30.00,30.00,30.00,-30.00,
-1.66,-0.32,22.72,24.23,-30.00,30.00,30.00,-30.00,
-1.67,-0.33,22.71,24.23,-30.00,30.00,30.00,-30.00,
-1.67,-0.34,22.70,22.96,-30.00,30.00,30.00,-30.00,
-1.68,-0.35,22.69,22.96,-30.00,30.00,30.00,-30.00,
-1.68,-0.36,22.67,22.96,-30.00,30.00,30.00,-30.00,
-1.68,-0.37,22.66,22.96,-30.00,30.00,30.00,-30.00,
-1.68,-0.38,22.66,22.96,-30.00,30.00,30.00,-30.00,
-1.69,-0.39,22.65,20.07,-30.00,30.00,30.00,-30.00,
-1.69,-0.39,22.64,20.07,-30.00,30.00,30.00,-30.00,
-1.70,-0.40,22.62,20.07,-30.00,30.00,30.00,-30.00,
-1.70,-0.41,22.61,20.07,-30.00,30.00,30.00,-30.00,
-1.70,-0.42,22.60,20.07,-30.00,30.00,30.00,-30.00,
-1.71,-0.43,22.59,20.05,-30.00,30.00,30.00,-30.00,
-1.71,-0.43,22.58,20.05,-30.00,30.00,30.00,-30.00,
-1.71,-0.43,22.57,20.05,-30.00,30.00,30.00,-30.00,
-1.71,-0.44,22.56,20.05,-30.00,30.00,30.00,-30.00,
-1.72,-0.45,22.55,20.05,-30.00,30.00,30.00,-30.00,
-1.73,-0.46,22.54,18.03,-30.00,30.00,30.00,-30.00,
-1.73,-0.47,22.53,18.03,-30.00,30.00,30.00,-30.00,
-1.73,-0.47,22.52,18.03,-30.00,30.00,30.00,-30.00,
-1.74,-0.48,22.52,18.03,-30.00,30.00,30.00,-30.00,
-1.75,-0.49,22.51,18.03,-30.00,30.00,30.00,-30.00,
-1.75,-0.49,22.50,18.03,-30.00,30.00,30.00,-30.00,
-1.75,-0.49,22.48,16.62,-30.00,30.00,30.00,-30.00,
-1.76,-0.51,22.48,16.62,-30.00,30.00,30.00,-30.00,
-1.77,-0.51,22.47,16.62,-30.00,30.00,30.00,-30.00,
-1.77,-0.52,22.46,16.62,-30.00,30.00,30.00,-30.00,
-1.78,-0.53,22.45,13.64,-30.00,30.00,30.00,-30.00,
-1.78,-0.54,22.43,13.64,-30.00,30.00,30.00,-30.00,
-1.75,-0.55,22.39,13.64,-30.00,30.00,30.00,-30.00,
-1.77,-0.56,22.32,13.64,-30.00,30.00,30.00,-30.00,
-1.77,-0.55,22.26,13.64,-30.00,30.00,30.00,-30.00,
-1.76,-0.57,22.26,13.55,-30.00,30.00,30.00,-30.00,
-1.74,-0.56,22.28,13.55,-30.00,30.00,30.00,-30.00,
-1.71,-0.57,22.25,13.55,-30.00,30.00,30.00,-30.00,
-1.79,-0.59,21.98,11.48,-30.00,30.00,30.00,-30.00,
-1.81,-0.59,21.97,11.48,-30.00,30.00,30.00,-30.00,
-1.79,-0.59,22.02,11.48,-30.00,30.00,30.00,-30.00,
-1.79,-0.59,22.09,11.48,-30.00,30.00,30.00,-30.00,
-1.79,-0.59,22.12,10.04,-30.00,30.00,30.00,-30.00,
-1.82,-0.59,22.10,10.04,-30.00,30.00,30.00,-30.00,
-1.84,-0.61,22.04,10.04,-30.00,30.00,-30.00,30.00,
-1.86,-0.62,22.02,10.04,-30.00,30.00,30.00,-30.00,
-1.83,-0.64,22.00,9.03,-30.00,30.00,30.00,-30.00,
-1.83,-0.66,21.91,9.03,-30.00,30.00,30.00,-30.00,
-1.83,-0.69,21.76,9.03,-30.00,30.00,30.00,-30.00,
-1.89,-0.72,21.63,9.03,-30.00,30.00,30.00,-30.00,
-1.93,-0.74,21.53,9.03,-30.00,30.00,30.00,-30.00,
-1.91,-0.74,21.56,8.32,-30.00,30.00,30.00,-30.00,
-1.90,-0.73,21.69,8.32,-30.00,30.00,30.00,-30.00,
-1.87,-0.72,21.81,8.32,-30.00,30.00,30.00,-30.00,
-1.85,-0.72,21.85,8.32,-30.00,30.00,30.00,-30.00,
-1.87,-0.74,21.81,8.32,-30.00,30.00,30.00,-30.00,
-1.90,-0.74,21.72,5.82,-30.00,30.00,30.00,-30.00,
-1.91,-0.75,21.63,5.82,-30.00,30.00,30.00,-30.00,
-1.89,-0.77,21.56,5.82,-30.00,30.00,30.00,-30.00,
-1.88,-0.77,21.49,5.82,-30.00,30.00,30.00,-30.00,
-1.84,-0.78,21.39,5.82,-30.00,30.00,30.00,-30.00,
-1.81,-0.80,21.28,6.08,-30.00,30.00,30.00,-30.00,
-1.78,-0.81,21.17,6.08,-30.00,30.00,30.00,-30.00,
-1.73,-0.83,21.07,6.08,-30.00,30.00,30.00,-30.00,
-1.68,-0.83,20.99,6.08,-30.00,30.00,30.00,-30.00,
-1.61,-0.87,20.90,4.25,-30.00,30.00,30.00,-30.00,
-1.61,-0.89,20.90,4.25,-30.00,30.00,30.00,-30.00,
-1.60,-0.91,20.92,4.25,-30.00,30.00,30.00,-30.00,
-1.60,-0.94,20.94,4.25,-30.00,30.00,30.00,-30.00,
-1.61,-0.97,20.97,4.25,-30.00,30.00,30.00,-30.00,
-1.63,-1.02,20.96,2.98,-30.00,30.00,30.00,-30.00,
-1.67,-1.06,20.94,2.98,-30.00,30.00,30.00,-30.00,
-1.72,-1.07,20.97,2.98,-30.00,30.00,30.00,-30.00,
-1.78,-1.07,21.05,2.98,-30.00,30.00,30.00,-30.00,
-1.77,-1.05,21.48,4.08,-30.00,30.00,30.00,-30.00,
-1.75,-1.04,21.60,4.08,-30.00,30.00,30.00,-30.00,
-1.79,-1.02,21.67,4.08,-30.00,30.00,30.00,-30.00,
-1.83,-1.00,21.72,4.08,-30.00,30.00,30.00,-30.00,
-1.88,-0.98,21.74,4.08,-30.00,30.00,30.00,-30.00,
-1.90,-0.96,21.75,2.86,-30.00,30.00,30.00,-30.00,
-1.92,-0.93,21.77,2.86,-30.00,30.00,30.00,-30.00,
-1.92,-0.92,21.82,2.86,-30.00,30.00,30.00,-30.00,
-1.90,-0.90,21.86,2.86,-30.00,30.00,30.00,-30.00,
-1.88,-0.89,21.86,2.00,-30.00,30.00,30.00,-30.00,
-1.87,-0.90,21.82,2.00,-30.00,30.00,30.00,-30.00,
-1.85,-0.91,21.75,2.00,-30.00,30.00,30.00,-30.00,
-1.84,-0.92,21.69,2.00,-30.00,30.00,30.00,-30.00,
-1.84,-0.93,21.65,2.00,-30.00,30.00,30.00,-30.00,
-1.83,-0.94,21.65,1.40,-30.00,30.00,30.00,-30.00,
-1.81,-0.95,21.66,1.40,-30.00,30.00,30.00,-30.00,
-1.80,-0.96,21.66,1.40,-30.00,30.00,30.00,-30.00,
-1.79,-0.98,21.62,1.40,-30.00,30.00,30.00,-30.00,
-1.78,-1.00,21.56,1.40,-30.00,30.00,30.00,-30.00,
-1.76,-1.01,21.50,1.40,-30.00,30.00,30.00,-30.00,
-1.75,-1.03,21.46,0.98,-30.00,30.00,30.00,-30.00,
-1.72,-1.03,21.46,0.98,-30.00,30.00,30.00,-30.00,
-1.71,-1.04,21.48,0.98,-30.00,30.00,30.00,-30.00,
-1.68,-1.04,21.50,0.98,-30.00,30.00,30.00,-30.00,
-1.67,-1.04,21.52,0.98,-30.00,30.00,30.00,-30.00,
-1.65,-1.04,21.57,0.69,-30.00,30.00,30.00,-30.00,
-1.62,-1.06,21.63,0.69,-30.00,30.00,30.00,-30.00,
-1.61,-1.08,21.68,0.69,-30.00,30.00,30.00,-30.00,
-1.61,-1.13,21.69,0.69,-30.00,30.00,30.00,-30.00,
-1.60,-1.15,21.67,0.48,-30.00,30.00,30.00,-30.00,
-1.60,-1.17,21.69,0.48,-30.00,30.00,30.00,-30.00,
-1.61,-1.17,21.77,0.48,-30.00,30.00,30.00,-30.00,
-1.58,-1.19,21.85,0.48,-30.00,30.00,30.00,-30.00,
-1.60,-1.25,21.78,0.34,-30.00,30.00,30.00,-30.00,
-1.65,-1.27,21.69,0.34,-30.00,30.00,30.00,-30.00,
-1.65,-1.29,21.66,0.34,-30.00,30.00,30.00,-30.00,
-1.66,-1.29,21.83,0.24,-30.00,30.00,30.00,-30.00,
-1.65,-1.27,21.89,0.24,-30.00,30.00,30.00,-30.00,
-1.66,-1.26,21.93,0.24,-30.00,30.00,30.00,-30.00,
-1.68,-1.23,21.95,0.24,-30.00,30.00,30.00,-30.00,
-1.67,-1.23,21.89,0.24,-30.00,30.00,30.00,-30.00,
-1.75,-1.15,22.04,0.16,-30.00,30.00,30.00,-30.00,
-1.95,-1.06,22.24,0.16,-30.00,30.00,30.00,-30.00,
-2.31,-0.81,22.63,0.16,-30.00,30.00,30.00,-30.00,
-2.73,-0.75,23.89,0.12,-30.00,30.00,30.00,-30.00,
-2.87,-0.84,23.79,0.12,30.00,30.00,30.00,-30.00,
-3.10,-0.96,23.54,0.12,30.00,-30.00,30.00,-30.00,
-3.24,-1.07,23.25,0.12,30.00,-30.00,30.00,-30.00,
