0.01,0.03,0.05,0.01,30.00,30.00,30.00,30.00,
0.01,0.10,0.14,0.01,30.00,30.00,30.00,30.00,
0.01,0.11,0.14,0.01,-30.00,30.00,-30.00,30.00,
0.01,0.12,0.14,0.01,-30.00,30.00,30.00,30.00,
0.01,0.11,0.14,0.01,-30.00,-30.00,30.00,-30.00,
0.02,0.10,0.14,0.01,-30.00,-30.00,-30.00,-30.00,
0.03,0.08,0.12,0.01,-30.00,-30.00,-30.00,-30.00,
0.04,0.07,0.08,0.01,30.00,-30.00,-30.00,30.00,
0.04,0.04,0.02,0.01,30.00,-30.00,-30.00,30.00,
0.04,0.01,-0.02,0.01,30.00,-30.00,-30.00,-30.00,
0.03,-0.00,-0.03,0.01,30.00,-30.00,-30.00,-30.00,
0.03,-0.03,-0.04,0.01,30.00,-30.00,30.00,-30.00,
0.03,-0.04,-0.03,0.01,-30.00,-30.00,30.00,-30.00,
0.01,-0.04,-0.01,0.01,30.00,30.00,30.00,-30.00,
0.00,-0.05,0.01,0.01,-30.00,30.00,30.00,-30.00,
0.00,-0.05,0.04,0.01,-30.00,30.00,30.00,-30.00,
-0.01,-0.05,0.08,0.01,-30.00,30.00,30.00,-30.00,
0.01,-0.05,0.08,0.01,-30.00,30.00,-30.00,-30.00,
0.02,-0.06,0.01,0.01,30.00,-30.00,-30.00,30.00,
0.02,-0.06,-0.10,0.01,30.00,-30.00,-30.00,30.00,
0.02,-0.08,-0.23,0.01,30.00,-30.00,-30.00,30.00,
0.00,-0.11,-0.34,0.01,30.00,-30.00,-30.00,30.00,
0.01,-0.13,-0.41,0.01,30.00,-30.00,-30.00,30.00,
0.02,-0.14,-0.47,0.01,30.00,-30.00,-30.00,30.00,
0.00,-0.14,-0.56,2.01,30.00,-30.00,-30.00,30.00,
-0.03,-0.14,-0.58,2.01,30.00,-30.00,30.00,30.00,
-0.04,-0.15,-0.51,2.01,-30.00,30.00,30.00,-30.00,
-0.02,-0.17,-0.38,2.01,-30.00,30.00,30.00,-30.00,
-0.03,-0.17,-0.21,2.01,-30.00,30.00,30.00,-30.00,
-0.02,-0.18,-0.11,2.01,-30.00,30.00,30.00,-30.00,
-0.02,-0.24,-0.12,3.40,30.00,-30.00,-30.00,30.00,
-0.03,-0.26,-0.25,3.40,30.00,-30.00,-30.00,30.00,
-0.04,-0.30,-0.36,3.40,30.00,-30.00,-30.00,30.00,
-0.02,-0.35,-0.45,6.38,30.00,-30.00,-30.00,-30.00,
0.00,-0.39,-0.49,6.38,30.00,-30.00,-30.00,-30.00,
0.02,-0.42,-0.52,6.38,30.00,-30.00,-30.00,-30.00,
0.02,-0.44,-0.58,6.38,30.00,-30.00,-30.00,30.00,
0.01,-0.45,-0.64,6.38,30.00,-30.00,-30.00,30.00,
-0.02,-0.48,-0.57,6.47,-30.00,30.00,30.00,-30.00,
-0.02,-0.49,-0.42,6.47,-30.00,30.00,30.00,-30.00,
-0.02,-0.50,-0.25,6.47,-30.00,30.00,30.00,-30.00,
-0.04,-0.52,-0.12,8.53,-30.00,30.00,30.00,-30.00,
-0.06,-0.54,-0.05,8.53,-30.00,30.00,30.00,-30.00,
-0.10,-0.58,-0.01,8.53,30.00,-30.00,30.00,-30.00,
-0.13,-0.62,0.07,8.53,-30.00,-30.00,30.00,-30.00,
-0.15,-0.67,0.23,8.53,-30.00,30.00,30.00,-30.00,
-0.16,-0.73,0.41,7.97,-30.00,30.00,30.00,-30.00,
-0.15,-0.80,0.52,7.97,-30.00,-30.00,30.00,-30.00,
-0.14,-0.88,0.52,7.97,-30.00,-30.00,-30.00,-30.00,
-0.17,-0.97,0.38,7.97,30.00,-30.00,-30.00,-30.00,
-0.22,-1.04,0.19,7.97,30.00,-30.00,-30.00,30.00,
-0.24,-1.11,0.06,7.58,30.00,-30.00,-30.00,-30.00,
-0.22,-1.17,0.04,7.58,-30.00,-30.00,-30.00,-30.00,
-0.22,-1.21,0.08,7.58,-30.00,-30.00,30.00,-30.00,
-0.19,-1.26,0.12,7.58,-30.00,-30.00,-30.00,-30.00,
-0.19,-1.27,0.12,7.58,-30.00,-30.00,-30.00,-30.00,
-0.22,-1.26,0.11,7.31,30.00,30.00,30.00,30.00,
-0.23,-1.26,0.15,7.31,-30.00,30.00,30.00,-30.00,
-0.23,-1.25,0.25,7.31,-30.00,30.00,30.00,-30.00,
-0.22,-1.24,0.38,7.31,-30.00,30.00,30.00,-30.00,
-0.22,-1.22,0.44,7.31,-30.00,30.00,30.00,-30.00,
-0.24,-1.23,0.39,7.31,30.00,-30.00,13.27,30.00,
-0.29,-1.23,0.32,7.11,30.00,-30.00,30.00,30.00,
-0.33,-1.24,0.30,7.11,30.00,-30.00,30.00,-30.00,
-0.35,-1.24,0.33,7.11,19.45,30.00,30.00,-30.00,
-0.37,-1.25,0.37,7.11,30.00,30.00,30.00,-30.00,
-0.40,-1.26,0.38,7.11,30.00,-30.00,30.00,-30.00,
-0.48,-1.30,0.31,6.98,30.00,-30.00,30.00,30.00,
-0.53,-1.30,0.30,6.98,30.00,-30.00,30.00,30.00,
-0.57,-1.29,0.32,6.98,30.00,30.00,30.00,-30.00,
-0.60,-1.28,0.40,6.98,-30.00,30.00,30.00,-30.00,
-0.59,-1.27,0.54,6.89,-30.00,30.00,30.00,-30.00,
-0.61,-1.25,0.70,6.89,-30.00,30.00,30.00,-30.00,
-0.64,-1.23,0.83,6.89,-30.00,30.00,30.00,-30.00,
-0.65,-1.22,0.92,6.89,-30.00,30.00,30.00,-30.00,
-0.69,-1.21,0.95,6.89,30.00,30.00,30.00,-30.00,
-0.73,-1.21,0.94,4.82,30.00,30.00,30.00,-30.00,
-0.80,-1.22,0.87,4.82,30.00,-30.00,30.00,-30.00,
-0.82,-1.24,0.86,4.82,30.00,-30.00,30.00,-30.00,
-0.83,-1.25,0.88,4.82,-30.00,30.00,30.00,-30.00,
-0.83,-1.27,0.91,4.82,-30.00,30.00,30.00,-30.00,
-0.83,-1.29,0.92,3.37,-30.00,-30.00,30.00,-30.00,
-0.82,-1.31,0.91,3.37,-30.00,-30.00,-30.00,-30.00,
-0.81,-1.34,0.87,3.37,-30.00,-30.00,-30.00,-30.00,
-0.80,-1.36,0.83,3.37,30.00,-30.00,-30.00,-30.00,
-0.79,-1.39,0.79,3.37,-30.00,-30.00,-30.00,-30.00,
-0.78,-1.42,0.76,2.36,-30.00,-30.00,-30.00,-30.00,
-0.76,-1.44,0.75,2.36,-30.00,-30.00,-30.00,-30.00,
-0.74,-1.47,0.73,2.36,-30.00,-30.00,-30.00,-30.00,
-0.73,-1.50,0.72,2.36,-30.00,-30.00,-30.00,-30.00,
-0.72,-1.52,0.70,2.36,-30.00,-30.00,-30.00,-30.00,
-0.72,-1.55,0.68,1.65,30.00,-30.00,-30.00,-30.00,
-0.72,-1.57,0.66,1.65,30.00,-30.00,-30.00,-30.00,
-0.73,-1.59,0.65,1.65,30.00,-30.00,30.00,-30.00,
-0.73,-1.61,0.65,1.65,-30.00,-30.00,30.00,-30.00,
-0.74,-1.62,0.66,1.65,-30.00,-30.00,30.00,-30.00,
-0.75,-1.63,0.68,1.16,-30.00,30.00,30.00,-30.00,
-0.76,-1.65,0.69,1.16,-30.00,30.00,30.00,-30.00,
-0.78,-1.65,0.70,1.16,30.00,30.00,30.00,-30.00,
-0.80,-1.66,0.71,1.16,30.00,30.00,30.00,-30.00,
-0.81,-1.67,0.72,1.16,30.00,30.00,30.00,-30.00,
-0.83,-1.67,0.73,0.81,30.00,30.00,30.00,-30.00,
-0.84,-1.67,0.75,0.81,5.89,30.00,30.00,-30.00,
-0.86,-1.67,0.76,0.81,-30.00,30.00,30.00,-30.00,
-0.87,-1.68,0.77,0.81,30.00,30.00,30.00,-30.00,
-0.88,-1.68,0.78,0.81,30.00,30.00,30.00,-30.00,
-0.90,-1.69,0.77,0.57,30.00,30.00,30.00,-30.00,
-0.90,-1.70,0.76,0.57,30.00,-30.00,30.00,-30.00,
-0.91,-1.70,0.76,0.57,-30.00,30.00,30.00,-30.00,
-0.91,-1.71,0.75,0.57,-30.00,-30.00,30.00,-30.00,
-0.91,-1.73,0.74,0.57,-30.00,-30.00,30.00,-30.00,
-0.90,-1.74,0.74,0.40,-30.00,-30.00,-30.00,-30.00,
-0.90,-1.76,0.73,0.40,-30.00,-30.00,-30.00,-30.00,
-0.90,-1.78,0.72,0.40,-30.00,-30.00,-30.00,-30.00,
-0.89,-1.80,0.71,0.40,-30.00,-30.00,-30.00,-30.00,
-0.89,-1.82,0.69,0.40,-30.00,-30.00,-30.00,-30.00,
-0.89,-1.84,0.68,0.28,-30.00,-30.00,30.00,-30.00,
-0.89,-1.86,0.67,0.28,-30.00,-30.00,30.00,-30.00,
-0.90,-1.88,0.67,0.28,-30.00,-30.00,30.00,-30.00,
-0.90,-1.89,0.67,0.28,-30.00,-30.00,30.00,-30.00,
-0.90,-1.91,0.67,0.28,-30.00,-30.00,30.00,-30.00,
-0.91,-1.92,0.67,0.19,-30.00,-30.00,30.00,-30.00,
-0.92,-1.93,0.67,0.19,30.00,-30.00,30.00,-30.00,
-0.92,-1.94,0.67,0.19,30.00,-30.00,30.00,-30.00,
-0.93,-1.95,0.68,0.19,-30.00,30.00,30.00,-30.00,
-0.94,-1.95,0.68,0.19,-30.00,30.00,30.00,-30.00,
-0.95,-1.96,0.68,0.14,30.00,30.00,30.00,-30.00,
-0.95,-1.96,0.69,0.14,-30.00,30.00,30.00,-30.00,
-0.96,-1.97,0.69,0.14,30.00,-30.00,30.00,-30.00,
-0.97,-1.97,0.69,0.14,-30.00,30.00,30.00,-30.00,
-0.97,-1.98,0.69,0.14,-30.00,30.00,30.00,-30.00,
-0.98,-1.98,0.69,0.10,30.00,-30.00,30.00,-30.00,
-0.99,-1.99,0.69,0.10,-30.00,-30.00,30.00,-30.00,
-0.99,-2.00,0.68,0.10,-30.00,-30.00,30.00,-30.00,
-0.99,-2.01,0.68,0.10,-30.00,-30.00,30.00,-30.00,
-0.99,-2.02,0.68,0.10,-30.00,-30.00,30.00,-30.00,
-0.99,-2.03,0.68,0.07,-30.00,-30.00,30.00,-30.00,
-0.99,-2.05,0.68,0.07,-30.00,-30.00,30.00,-30.00,
-0.99,-2.06,0.67,0.07,-30.00,-30.00,30.00,-30.00,
-0.99,-2.08,0.67,0.07,-30.00,-30.00,30.00,-30.00,
-0.99,-2.10,0.66,0.07,-30.00,-30.00,30.00,-30.00,
-0.99,-2.11,0.65,0.05,-30.00,-30.00,30.00,-30.00,
-1.00,-2.12,0.65,0.05,-30.00,-30.00,30.00,-30.00,
-1.00,-2.14,0.65,0.05,30.00,-30.00,30.00,-30.00,
-1.01,-2.15,0.65,0.05,-30.00,-30.00,30.00,-30.00,
-1.01,-2.16,0.64,0.05,-30.00,-30.00,30.00,-30.00,
-1.01,-2.17,0.65,0.03,-30.00,30.00,30.00,-30.00,
-1.01,-2.18,0.64,0.03,-30.00,-30.00,30.00,-30.00,
-1.02,-2.18,0.64,0.03,-30.00,-30.00,30.00,-30.00,
-1.02,-2.19,0.64,0.03,-30.00,30.00,30.00,-30.00,
-1.03,-2.19,0.64,0.03,-30.00,30.00,30.00,-30.00,
-1.03,-2.20,0.64,0.02,-30.00,30.00,30.00,-30.00,
-1.04,-2.20,0.65,0.02,-30.00,30.00,30.00,-30.00,
-1.04,-2.21,0.64,0.02,-30.00,30.00,30.00,-30.00,
-1.05,-2.21,0.64,0.02,-30.00,30.00,30.00,-30.00,
-1.06,-2.23,0.64,0.02,-30.00,-30.00,30.00,-30.00,
-1.08,-2.26,0.63,0.01,-30.00,-30.00,30.00,-30.00,
-1.08,-2.28,0.63,0.01,-30.00,-30.00,30.00,-30.00,
-1.08,-2.29,0.62,0.01,-30.00,-30.00,30.00,-30.00,
-1.08,-2.30,0.61,0.01,30.00,-30.00,30.00,-30.00,
-1.08,-2.31,0.62,0.01,-30.00,30.00,30.00,-30.00,
-1.08,-2.32,0.61,0.01,-30.00,-30.00,30.00,-30.00,
-1.09,-2.34,0.61,0.01,-30.00,-30.00,30.00,-30.00,
-1.09,-2.35,0.61,0.01,-30.00,-30.00,30.00,-30.00,
-1.10,-2.36,0.61,0.01,-30.00,-30.00,30.00,-30.00,
-1.10,-2.36,0.60,0.01,-30.00,-30.00,30.00,-30.00,
-1.10,-2.37,0.60,0.01,-30.00,30.00,30.00,-30.00,
-1.11,-2.38,0.60,0.01,30.00,-30.00,30.00,-30.00,
-1.11,-2.38,0.61,0.01,-30.00,30.00,30.00,-30.00,
-1.11,-2.38,0.61,0.01,-30.00,30.00,30.00,-30.00,
-1.12,-2.39,0.61,0.01,-30.00,-30.00,30.00,-30.00,
-1.12,-2.40,0.61,0.01,-30.00,30.00,30.00,-30.00,
-1.13,-2.40,0.61,0.01,30.00,-30.00,30.00,-30.00,
-1.13,-2.41,0.61,0.01,-30.00,30.00,30.00,-30.00,
-1.13,-2.41,0.61,0.01,-30.00,-30.00,30.00,-30.00,
-1.14,-2.43,0.61,0.01,-30.00,-30.00,30.00,-30.00,
-1.14,-2.44,0.61,0.01,-30.00,-30.00,30.00,-30.00,
-1.14,-2.45,0.60,0.01,-30.00,-30.00,30.00,-30.00,
-1.15,-2.46,0.59,0.01,30.00,-30.00,30.00,-30.00,
-1.16,-2.47,0.60,0.01,-30.00,-30.00,30.00,-30.00,
-1.14,-2.50,0.66,0.01,-30.00,-30.00,30.00,-30.00,
-1.15,-2.51,0.61,0.01,30.00,-30.00,-30.00,30.00,
-1.16,-2.52,0.54,0.01,30.00,-30.00,-30.00,30.00,
-1.16,-2.54,0.56,2.01,-30.00,30.00,30.00,-30.00,
-1.14,-2.54,0.63,2.01,-30.00,30.00,30.00,-30.00,
-1.14,-2.54,0.67,2.01,-30.00,30.00,30.00,-30.00,
-1.15,-2.55,0.65,2.01,30.00,-30.00,30.00,4.20,
-1.16,-2.55,0.57,3.40,30.00,-30.00,-30.00,30.00,
-1.18,-2.56,0.52,3.40,30.00,-30.00,-30.00,30.00,
-1.18,-2.57,0.53,3.40,-30.00,30.00,30.00,-30.00,
-1.17,-2.57,0.58,3.40,-30.00,30.00,30.00,-30.00,
-1.17,-2.58,0.65,3.40,-30.00,30.00,30.00,-30.00,
-1.18,-2.59,0.61,4.38,30.00,-30.00,-30.00,30.00,
-1.20,-2.59,0.56,4.38,30.00,-30.00,-30.00,30.00,
-1.20,-2.60,0.55,4.38,30.00,-30.00,30.00,-30.00,
-1.19,-2.62,0.63,5.07,-30.00,30.00,30.00,-30.00,
-1.20,-2.63,0.62,5.07,30.00,-30.00,30.00,-30.00,
-1.20,-2.64,0.58,5.07,30.00,-30.00,-30.00,30.00,
-1.20,-2.65,0.55,5.07,30.00,-30.00,-30.00,30.00,
-1.20,-2.65,0.54,5.07,-30.00,-30.00,-30.00,-30.00,
-1.20,-2.66,0.56,3.55,-30.00,30.00,30.00,-30.00,
-1.20,-2.66,0.59,3.55,-30.00,30.00,30.00,-30.00,
-1.19,-2.67,0.61,3.55,-30.00,30.00,30.00,-30.00,
-1.19,-2.68,0.60,3.55,-30.00,-30.00,30.00,-30.00,
-1.20,-2.68,0.58,3.55,30.00,-30.00,-30.00,30.00,
-1.20,-2.69,0.55,2.48,30.00,-30.00,-30.00,30.00,
-1.21,-2.70,0.54,2.48,30.00,-30.00,30.00,-30.00,
-1.21,-2.70,0.56,2.48,-30.00,30.00,30.00,-30.00,
-1.22,-2.72,0.60,1.74,-30.00,30.00,30.00,-30.00,
-1.22,-2.73,0.61,1.74,-30.00,30.00,30.00,-30.00,
-1.22,-2.73,0.62,1.74,-30.00,30.00,30.00,-30.00,
-1.23,-2.74,0.60,1.74,30.00,-30.00,-30.00,30.00,
-1.24,-2.74,0.55,1.74,30.00,-30.00,-30.00,30.00,
-1.25,-2.75,0.54,3.22,30.00,-30.00,30.00,-30.00,
-1.24,-2.75,0.57,3.22,-30.00,30.00,30.00,-30.00,
-1.23,-2.76,0.63,3.22,-30.00,30.00,30.00,-30.00,
-1.23,-2.76,0.66,3.22,-30.00,30.00,30.00,-30.00,
-1.23,-2.77,0.64,3.22,30.00,-30.00,-30.00,-30.00,
-1.24,-2.78,0.57,4.25,30.00,-30.00,-30.00,30.00,
-1.26,-2.78,0.52,4.25,30.00,-30.00,-30.00,30.00,
-1.26,-2.79,0.52,4.25,-30.00,-30.00,30.00,-30.00,
-1.24,-2.80,0.57,4.25,-30.00,30.00,30.00,-30.00,
-1.23,-2.80,0.63,4.25,-30.00,30.00,30.00,-30.00,
-1.24,-2.81,0.64,4.98,-30.00,30.00,30.00,-30.00,
-1.25,-2.81,0.59,4.98,30.00,-30.00,-30.00,30.00,
-1.26,-2.82,0.54,4.98,30.00,-30.00,-30.00,30.00,
-1.26,-2.83,0.53,4.98,30.00,-30.00,-30.00,-30.00,
-1.25,-2.84,0.55,4.98,-30.00,30.00,30.00,-30.00,
-1.25,-2.84,0.59,5.48,-30.00,30.00,30.00,-30.00,
-1.25,-2.84,0.62,5.48,-30.00,30.00,30.00,-30.00,
-1.26,-2.84,0.61,5.48,30.00,15.45,30.00,-30.00,
-1.26,-2.85,0.58,5.48,30.00,-30.00,-30.00,30.00,
-1.27,-2.85,0.55,5.48,30.00,-30.00,-30.00,30.00,
-1.27,-2.86,0.54,3.84,-30.00,-30.00,-30.00,-30.00,
-1.27,-2.86,0.55,3.84,-30.00,30.00,30.00,-30.00,
-1.27,-2.86,0.59,3.84,-30.00,30.00,30.00,-30.00,
-1.27,-2.87,0.61,3.84,-30.00,30.00,30.00,-30.00,
-1.27,-2.87,0.61,3.84,-30.00,30.00,30.00,-30.00,
-1.27,-2.88,0.58,3.84,30.00,-30.00,-30.00,30.00,
-1.28,-2.88,0.55,2.69,30.00,-30.00,-30.00,30.00,
-1.28,-2.89,0.54,2.69,30.00,-30.00,30.00,-30.00,
-1.28,-2.89,0.55,2.69,-30.00,30.00,30.00,-30.00,
-1.28,-2.89,0.58,2.69,-30.00,30.00,30.00,-30.00,
-1.28,-2.90,0.58,2.69,-30.00,-30.00,30.00,-30.00,
-1.29,-2.91,0.57,1.88,30.00,-30.00,30.00,-30.00,
-1.29,-2.91,0.57,1.88,-30.00,30.00,30.00,-30.00,
-1.28,-2.92,0.58,1.88,-30.00,30.00,30.00,-30.00,
-1.28,-2.92,0.59,1.88,-30.00,30.00,30.00,-30.00,
-1.28,-2.93,0.57,1.88,30.00,-30.00,-30.00,-30.00,
-1.31,-2.94,0.51,3.32,30.00,-30.00,30.00,30.00,
-1.31,-2.94,0.53,3.32,-30.00,30.00,30.00,-30.00,
-1.30,-2.95,0.58,3.32,-30.00,30.00,30.00,-30.00,
-1.29,-2.95,0.63,3.32,-30.00,30.00,30.00,-30.00,
-1.30,-2.95,0.62,4.32,30.00,30.00,30.00,-30.00,
-1.33,-2.96,0.51,4.32,30.00,-30.00,-30.00,30.00,
-1.33,-2.97,0.50,4.32,30.00,-30.00,30.00,-30.00,
-1.32,-2.97,0.54,4.32,-30.00,30.00,30.00,-30.00,
-1.31,-2.97,0.60,5.03,-30.00,30.00,30.00,-30.00,
-1.32,-2.97,0.62,5.03,-30.00,30.00,30.00,-30.00,
-1.33,-2.98,0.58,5.03,30.00,-30.00,-30.00,30.00,
-1.34,-2.98,0.53,5.03,30.00,-30.00,-30.00,30.00,
-1.34,-2.99,0.51,5.03,30.00,-30.00,-30.00,-30.00,
-1.33,-2.99,0.52,5.52,-30.00,30.00,30.00,-30.00,
-1.33,-3.00,0.56,5.52,-30.00,30.00,30.00,-30.00,
-1.33,-3.00,0.60,5.52,-30.00,30.00,30.00,-30.00,
-1.33,-3.00,0.59,5.52,19.38,30.00,30.00,-30.00,
-1.34,-3.01,0.56,5.52,30.00,-30.00,-30.00,30.00,
-1.34,-3.01,0.52,5.52,30.00,-30.00,-30.00,30.00,
-1.34,-3.02,0.51,3.86,30.00,-30.00,-30.00,-30.00,
-1.34,-3.03,0.53,3.86,-30.00,30.00,30.00,-30.00,
-1.34,-3.03,0.56,3.86,-30.00,30.00,30.00,-30.00,
-1.34,-3.03,0.59,3.86,-30.00,30.00,30.00,-30.00,
-1.34,-3.03,0.59,3.86,-30.00,30.00,30.00,-30.00,
-1.35,-3.04,0.57,2.70,30.00,-30.00,-30.00,30.00,
-1.35,-3.04,0.54,2.70,30.00,-30.00,-30.00,30.00,
-1.35,-3.05,0.52,2.70,30.00,-30.00,30.00,-30.00,
-1.35,-3.05,0.54,2.70,-30.00,30.00,30.00,-30.00,
-1.35,-3.05,0.56,2.70,-30.00,30.00,30.00,-30.00,
-1.35,-3.05,0.58,1.89,-30.00,30.00,30.00,-30.00,
-1.35,-3.06,0.58,1.89,-30.00,30.00,30.00,-30.00,
-1.36,-3.06,0.56,1.89,30.00,-30.00,30.00,30.00,
-1.36,-3.06,0.54,1.89,30.00,-30.00,30.00,30.00,
-1.36,-3.07,0.53,1.89,30.00,-30.00,30.00,-30.00,
-1.36,-3.07,0.54,1.89,-30.00,30.00,30.00,-30.00,
-1.36,-3.07,0.56,1.32,-30.00,30.00,30.00,-30.00,
-1.36,-3.08,0.58,1.32,-30.00,30.00,30.00,-30.00,
-1.37,-3.08,0.57,1.32,-30.00,-30.00,30.00,-30.00,
-1.37,-3.08,0.56,1.32,30.00,-30.00,-30.00,-30.00,
-1.37,-3.09,0.54,1.32,30.00,-30.00,-30.00,-30.00,
-1.37,-3.09,0.53,0.93,-30.00,-30.00,30.00,-30.00,
-1.37,-3.10,0.54,0.93,-30.00,30.00,30.00,-30.00,
-1.37,-3.10,0.56,0.93,-30.00,30.00,30.00,-30.00,
-1.37,-3.10,0.56,0.93,-30.00,30.00,30.00,-30.00,
-1.37,-3.10,0.56,0.93,-30.00,30.00,30.00,-30.00,
-1.38,-3.11,0.55,0.65,30.00,-30.00,30.00,-30.00,
-1.38,-3.11,0.53,0.65,30.00,-30.00,30.00,-30.00,
-1.38,-3.12,0.53,0.65,-30.00,-30.00,30.00,-30.00,
-1.38,-3.12,0.54,0.65,-30.00,30.00,30.00,-30.00,
-1.38,-3.12,0.55,0.65,-30.00,30.00,30.00,-30.00,
-1.38,-3.12,0.56,0.45,-30.00,30.00,30.00,-30.00,
-1.38,-3.13,0.55,0.45,-30.00,30.00,30.00,-30.00,
-1.38,-3.13,0.54,0.45,30.00,-30.00,30.00,-30.00,
-1.39,-3.14,0.55,0.32,-30.00,-30.00,30.00,-30.00,
-1.39,-3.15,0.54,0.32,30.00,-30.00,30.00,-30.00,
-1.39,-3.15,0.53,0.32,-30.00,-30.00,30.00,-30.00,
-1.39,-3.15,0.53,0.22,-30.00,30.00,30.00,-30.00,
-1.39,-3.16,0.54,0.22,-30.00,30.00,30.00,-30.00,
-1.39,-3.16,0.55,0.22,-30.00,30.00,30.00,-30.00,
-1.39,-3.16,0.55,0.22,-30.00,30.00,30.00,-30.00,
-1.39,-3.17,0.54,0.22,-30.00,-30.00,30.00,-30.00,
-1.40,-3.17,0.53,0.16,-30.00,-30.00,30.00,-30.00,
-1.40,-3.18,0.53,0.16,-30.00,30.00,30.00,-30.00,
-1.40,-3.18,0.53,0.16,-30.00,30.00,30.00,-30.00,
-1.40,-3.18,0.54,0.16,-30.00,30.00,30.00,-30.00,
-1.40,-3.18,0.54,0.16,-30.00,30.00,30.00,-30.00,
-1.40,-3.18,0.54,0.11,-30.00,30.00,30.00,-30.00,
-1.40,-3.19,0.54,0.11,-30.00,30.00,30.00,-30.00,
-1.40,-3.19,0.53,0.11,-30.00,30.00,30.00,-30.00,
-1.41,-3.19,0.53,0.11,-30.00,30.00,30.00,-30.00,
-1.41,-3.19,0.53,0.11,-30.00,30.00,30.00,-30.00,
-1.41,-3.19,0.54,0.08,-30.00,30.00,30.00,-30.00,
-1.41,-3.20,0.54,0.08,-30.00,30.00,30.00,-30.00,
-1.41,-3.20,0.54,0.08,-30.00,30.00,30.00,-30.00,
-1.41,-3.20,0.53,0.08,-30.00,30.00,30.00,-30.00,
-1.41,-3.20,0.53,0.08,-30.00,30.00,30.00,-30.00,
-1.41,-3.21,0.53,0.05,-30.00,30.00,30.00,-30.00,
-1.41,-3.21,0.53,0.05,-30.00,30.00,30.00,-30.00,
-1.41,-3.21,0.53,0.05,-30.00,30.00,30.00,-30.00,
-1.41,-3.21,0.53,0.05,-30.00,30.00,30.00,-30.00,
-1.41,-3.22,0.53,0.05,-30.00,30.00,30.00,-30.00,
-1.42,-3.22,0.53,0.04,-30.00,30.00,30.00,-30.00,
-1.42,-3.22,0.52,0.04,-30.00,30.00,30.00,-30.00,
-1.42,-3.23,0.53,0.04,-30.00,30.00,30.00,-30.00,
-1.42,-3.23,0.53,0.04,-30.00,30.00,30.00,-30.00,
-1.42,-3.23,0.53,0.04,-30.00,30.00,30.00,-30.00,
-1.42,-3.23,0.53,0.03,-30.00,30.00,30.00,-30.00,
-1.42,-3.24,0.53,0.03,-30.00,30.00,30.00,-30.00,
-1.42,-3.24,0.53,0.03,-30.00,30.00,30.00,-30.00,
-1.42,-3.24,0.52,0.03,-30.00,30.00,30.00,-30.00,
-1.42,-3.24,0.53,0.03,-30.00,30.00,30.00,-30.00,
-1.42,-3.24,0.53,0.03,-30.00,30.00,30.00,-30.00,
-1.42,-3.25,0.53,0.02,-30.00,30.00,30.00,-30.00,
-1.42,-3.25,0.53,0.02,-30.00,30.00,30.00,-30.00,
-1.42,-3.25,0.53,0.02,-30.00,30.00,30.00,-30.00,
-1.42,-3.25,0.52,0.02,-30.00,30.00,30.00,-30.00,
-1.42,-3.26,0.52,0.02,-30.00,30.00,30.00,-30.00,
-1.42,-3.26,0.53,0.01,-30.00,30.00,30.00,-30.00,
-1.42,-3.26,0.53,0.01,-30.00,30.00,30.00,-30.00,
-1.42,-3.26,0.53,0.01,-30.00,30.00,30.00,-30.00,
-1.43,-3.26,0.53,0.01,-30.00,30.00,30.00,-30.00,
-1.43,-3.26,0.52,0.01,-30.00,30.00,30.00,-30.00,
-1.43,-3.27,0.52,0.01,-30.00,30.00,30.00,-30.00,
-1.43,-3.27,0.52,0.01,-30.00,30.00,30.00,-30.00,
-1.43,-3.27,0.52,0.01,-30.00,30.00,30.00,-30.00,
-1.43,-3.27,0.52,0.01,-30.00,30.00,30.00,-30.00,
-1.43,-3.28,0.50,0.01,30.00,-30.00,-30.00,30.00,
-1.43,-3.28,0.49,0.01,30.00,30.00,30.00,-30.00,
-1.43,-3.28,0.51,0.01,-30.00,30.00,30.00,-30.00,
-1.42,-3.28,0.54,0.01,-30.00,30.00,30.00,-30.00,
-1.42,-3.28,0.56,0.01,-30.00,30.00,30.00,-30.00,
-1.42,-3.28,0.54,0.01,30.00,-30.00,-30.00,30.00,
-1.44,-3.29,0.48,2.01,30.00,-30.00,-30.00,30.00,
-1.45,-3.29,0.44,2.01,30.00,-30.00,-30.00,30.00,
-1.45,-3.29,0.45,2.01,-30.00,30.00,30.00,-30.00,
-1.43,-3.29,0.52,2.01,-30.00,30.00,30.00,-30.00,
-1.43,-3.29,0.58,2.01,-30.00,30.00,30.00,-30.00,
-1.43,-3.29,0.58,2.01,-30.00,30.00,30.00,-30.00,
-1.44,-3.29,0.52,3.40,30.00,-30.00,-30.00,30.00,
-1.45,-3.30,0.45,3.40,30.00,-30.00,-30.00,30.00,
-1.45,-3.30,0.43,3.40,30.00,-30.00,-30.00,-30.00,
-1.44,-3.30,0.48,3.40,-30.00,30.00,30.00,-30.00,
-1.44,-3.30,0.54,3.40,-30.00,30.00,30.00,-30.00,
-1.44,-3.30,0.57,4.38,-30.00,30.00,30.00,-30.00,
-1.45,-3.30,0.54,4.38,30.00,-30.00,-30.00,30.00,
-1.46,-3.31,0.49,4.38,30.00,-30.00,-30.00,30.00,
-1.45,-3.31,0.47,4.38,-30.00,30.00,30.00,-30.00,
-1.45,-3.32,0.51,5.07,-30.00,30.00,30.00,-30.00,
-1.45,-3.31,0.54,5.07,-30.00,30.00,30.00,-30.00,
-1.45,-3.31,0.54,5.07,-30.00,30.00,30.00,-30.00,
-1.46,-3.32,0.48,5.07,30.00,-30.00,-30.00,30.00,
-1.46,-3.33,0.46,3.55,30.00,-30.00,-30.00,-30.00,
-1.46,-3.33,0.48,3.55,-30.00,30.00,30.00,-30.00,
-1.46,-3.33,0.51,3.55,-30.00,30.00,30.00,-30.00,
-1.46,-3.33,0.54,3.55,-30.00,30.00,30.00,-30.00,
-1.46,-3.33,0.55,3.55,-30.00,30.00,30.00,-30.00,
-1.46,-3.34,0.53,2.48,30.00,-30.00,-30.00,2.07,
-1.46,-3.34,0.50,2.48,30.00,-30.00,-30.00,30.00,
-1.46,-3.34,0.48,2.48,30.00,-30.00,30.00,-30.00,
-1.46,-3.34,0.49,2.48,-30.00,30.00,30.00,-30.00,
-1.46,-3.35,0.54,2.48,-30.00,30.00,30.00,-30.00,
-1.46,-3.35,0.54,1.74,-30.00,30.00,30.00,-30.00,
-1.47,-3.35,0.50,1.74,30.00,-30.00,-30.00,30.00,
-1.47,-3.36,0.52,1.22,-30.00,30.00,30.00,-30.00,
-1.47,-3.36,0.53,1.22,-30.00,30.00,30.00,-30.00,
-1.47,-3.36,0.53,1.22,-30.00,30.00,30.00,-30.00,
-1.47,-3.36,0.52,1.22,30.00,-30.00,-30.00,30.00,
-1.47,-3.37,0.50,0.85,-30.00,30.00,30.00,-30.00,
-1.47,-3.37,0.51,0.85,-30.00,30.00,30.00,-30.00,
-1.47,-3.37,0.53,0.85,-30.00,30.00,30.00,-30.00,
-1.48,-3.37,0.52,0.60,30.00,-30.00,30.00,-30.00,
-1.48,-3.38,0.52,0.60,-30.00,30.00,30.00,-30.00,
-1.48,-3.38,0.53,0.60,-30.00,30.00,30.00,-30.00,
-1.48,-3.38,0.53,0.42,-30.00,30.00,30.00,-30.00,
-1.48,-3.38,0.52,0.42,30.00,-30.00,30.00,-30.00,
-1.48,-3.39,0.51,0.42,30.00,-30.00,30.00,-30.00,
-1.48,-3.39,0.51,0.42,-30.00,30.00,30.00,-30.00,
-1.48,-3.38,0.52,0.42,-30.00,30.00,30.00,-30.00,
-1.49,-3.39,0.52,0.29,-30.00,30.00,30.00,-30.00,
-1.48,-3.39,0.53,0.29,-30.00,30.00,30.00,-30.00,
-1.48,-3.39,0.52,0.29,-30.00,30.00,30.00,-30.00,
-1.49,-3.39,0.51,0.29,30.00,-30.00,30.00,-30.00,
-1.49,-3.39,0.51,0.29,-30.00,30.00,30.00,-30.00,
-1.48,-3.40,0.51,0.20,-30.00,30.00,30.00,-30.00,
-1.48,-3.40,0.52,0.20,-30.00,30.00,30.00,-30.00,
-1.49,-3.39,0.52,0.20,-30.00,30.00,30.00,-30.00,
-1.49,-3.40,0.52,0.20,30.00,-30.00,30.00,-30.00,
-1.49,-3.40,0.51,0.20,-30.00,-30.00,30.00,-30.00,
-1.49,-3.40,0.51,0.14,-30.00,30.00,30.00,-30.00,
-1.50,-3.40,0.51,0.14,30.00,30.00,30.00,-30.00,
-1.51,-3.41,0.51,0.14,30.00,-30.00,30.00,-30.00,
-1.51,-3.40,0.52,0.14,-30.00,30.00,30.00,-30.00,
-1.51,-3.41,0.52,0.10,-30.00,-30.00,30.00,-30.00,
-1.52,-3.41,0.51,0.10,30.00,30.00,30.00,-30.00,
-1.52,-3.41,0.51,0.10,30.00,30.00,30.00,-30.00,
-1.53,-3.41,0.51,0.10,30.00,30.00,30.00,-30.00,
-1.53,-3.41,0.52,0.10,-30.00,30.00,30.00,-30.00,
-1.53,-3.42,0.52,0.10,-30.00,30.00,30.00,-30.00,
-1.54,-3.42,0.53,0.07,-30.00,30.00,30.00,-30.00,
-1.54,-3.42,0.53,0.07,-30.00,30.00,30.00,-30.00,
-1.54,-3.42,0.52,0.07,30.00,-30.00,30.00,-30.00,
-1.55,-3.42,0.52,0.07,30.00,30.00,30.00,-30.00,
-1.55,-3.42,0.53,0.07,-30.00,30.00,30.00,-30.00,
-1.55,-3.42,0.53,0.05,-30.00,30.00,30.00,-30.00,
-1.55,-3.43,0.53,0.05,-30.00,30.00,30.00,-30.00,
-1.56,-3.43,0.53,0.05,-30.00,30.00,30.00,-30.00,
-1.56,-3.43,0.53,0.03,-30.00,30.00,30.00,-30.00,
-1.56,-3.43,0.53,0.03,-30.00,30.00,30.00,-30.00,
-1.56,-3.44,0.53,0.03,-30.00,30.00,30.00,-30.00,
-1.56,-3.44,0.53,0.03,-30.00,30.00,30.00,-30.00,
-1.56,-3.44,0.53,0.02,-30.00,30.00,30.00,-30.00,
-1.56,-3.44,0.53,0.02,-30.00,30.00,30.00,-30.00,
-1.56,-3.44,0.53,0.02,-30.00,30.00,30.00,-30.00,
-1.56,-3.44,0.53,0.02,-30.00,30.00,30.00,-30.00,
-1.56,-3.45,0.52,0.02,-30.00,30.00,30.00,-30.00,
-1.56,-3.45,0.52,0.02,-30.00,30.00,30.00,-30.00,
-1.56,-3.45,0.52,0.02,-30.00,30.00,30.00,-30.00,
-1.56,-3.45,0.53,0.02,-30.00,30.00,30.00,-30.00,
-1.56,-3.45,0.53,0.01,-30.00,30.00,30.00,-30.00,
-1.56,-3.45,0.53,0.01,-30.00,30.00,30.00,-30.00,
-1.56,-3.45,0.52,0.01,-30.00,30.00,30.00,-30.00,
-1.56,-3.45,0.52,0.01,-30.00,30.00,30.00,-30.00,
-1.56,-3.45,0.52,0.01,-30.00,30.00,30.00,-30.00,
-1.56,-3.46,0.53,0.01,-30.00,30.00,30.00,-30.00,
-1.56,-3.46,0.53,0.01,-30.00,30.00,30.00,-30.00,
-1.56,-3.46,0.53,0.01,-30.00,30.00,30.00,-30.00,
-1.56,-3.46,0.53,0.01,-30.00,30.00,30.00,-30.00,
-1.56,-3.46,0.53,0.01,-30.00,30.00,30.00,-30.00,
-1.56,-3.46,0.53,0.01,-30.00,30.00,30.00,-30.00,
-1.56,-3.46,0.53,0.01,-30.00,30.00,30.00,-30.00,
-1.56,-3.47,0.53,0.01,-30.00,30.00,30.00,-30.00,
-1.56,-3.47,0.53,0.01,-30.00,30.00,30.00,-30.00,
-1.56,-3.47,0.53,0.01,-30.00,30.00,30.00,-30.00,
-1.56,-3.47,0.53,0.01,-30.00,30.00,30.00,-30.00,
-1.56,-3.47,0.53,0.01,-30.00,30.00,30.00,-30.00,
-1.56,-3.47,0.53,0.01,-30.00,30.00,30.00,-30.00,
-1.56,-3.47,0.53,0.01,-30.00,30.00,30.00,-30.00,
-1.55,-3.47,0.53,0.01,-30.00,30.00,30.00,-30.00,
-1.55,-3.47,0.53,0.01,-30.00,30.00,30.00,-30.00,
-1.55,-3.48,0.53,0.01,-30.00,30.00,30.00,-30.00,
-1.55,-3.48,0.53,0.01,-30.00,30.00,30.00,-30.00,
-1.56,-3.48,0.53,0.01,-30.00,30.00,30.00,-30.00,
-1.56,-3.48,0.53,0.01,-30.00,30.00,30.00,-30.00,
-1.56,-3.48,0.53,0.01,-30.00,30.00,30.00,-30.00,
-1.56,-3.49,0.53,0.01,-30.00,30.00,30.00,-30.00,
-1.56,-3.49,0.53,0.01,-30.00,30.00,30.00,-30.00,
-1.56,-3.49,0.53,0.01,-30.00,30.00,30.00,-30.00,
-1.56,-3.49,0.53,0.01,-30.00,30.00,30.00,-30.00,
-1.56,-3.49,0.53,0.01,-30.00,30.00,30.00,-30.00,
-1.56,-3.50,0.53,0.01,-30.00,30.00,30.00,-30.00,
-1.56,-3.50,0.53,0.01,-30.00,30.00,30.00,-30.00,
-1.56,-3.50,0.54,0.01,-30.00,30.00,30.00,-30.00,
-1.56,-3.50,0.54,0.01,-30.00,30.00,30.00,-30.00,
-1.56,-3.50,0.54,0.01,-30.00,30.00,30.00,-30.00,
-1.56,-3.50,0.54,0.01,-30.00,30.00,30.00,-30.00,
-1.56,-3.50,0.54,0.01,-30.00,30.00,30.00,-30.00,
-1.56,-3.50,0.54,0.01,-30.00,30.00,30.00,-30.00,
-1.56,-3.50,0.54,0.01,-30.00,30.00,30.00,-30.00,
-1.56,-3.50,0.54,0.01,-30.00,30.00,-30.00,30.00,
-1.55,-3.50,0.54,0.01,-30.00,30.00,30.00,-30.00,
-1.56,-3.51,0.54,0.01,-30.00,30.00,30.00,-30.00,
-1.56,-3.51,0.54,0.01,-30.00,30.00,30.00,-30.00,
-1.56,-3.51,0.54,0.01,-30.00,30.00,30.00,-30.00,
-1.55,-3.51,0.54,0.01,-30.00,30.00,30.00,-30.00,
-1.55,-3.51,0.54,0.01,-30.00,30.00,30.00,-30.00,
-1.55,-3.51,0.54,0.01,-30.00,30.00,30.00,-30.00,
-1.55,-3.51,0.54,0.01,-30.00,30.00,30.00,-30.00,
-1.56,-3.52,0.54,0.01,-30.00,30.00,30.00,-30.00,
-1.56,-3.52,0.55,0.01,-30.00,30.00,30.00,-30.00,
-1.56,-3.52,0.55,0.01,-30.00,30.00,30.00,-30.00,
-1.55,-3.53,0.55,0.01,-30.00,30.00,30.00,-30.00,
-1.56,-3.53,0.55,0.01,-30.00,30.00,30.00,-30.00,
-1.56,-3.54,0.55,0.01,-30.00,30.00,30.00,-30.00,
-1.56,-3.54,0.55,0.01,-30.00,30.00,30.00,-30.00,
-1.56,-3.54,0.56,0.01,-30.00,30.00,30.00,-30.00,
-1.56,-3.54,0.56,0.01,-30.00,30.00,30.00,-30.00,
-1.56,-3.54,0.56,0.01,-30.00,30.00,30.00,-30.00,
-1.56,-3.54,0.55,0.01,-30.00,30.00,30.00,-30.00,
-1.56,-3.54,0.55,0.01,-30.00,30.00,30.00,-30.00,
-1.55,-3.54,0.55,0.01,-30.00,30.00,30.00,-30.00,
-1.55,-3.55,0.55,0.01,-30.00,30.00,30.00,-30.00,
-1.56,-3.56,0.56,0.01,-30.00,30.00,30.00,-30.00,
-1.56,-3.56,0.56,0.01,-30.00,30.00,30.00,-30.00,
-1.56,-3.57,0.56,0.01,-30.00,30.00,30.00,-30.00,
-1.56,-3.58,0.56,0.01,-30.00,30.00,30.00,-30.00,
-1.56,-3.58,0.56,0.01,30.00,-30.00,30.00,-30.00,
-1.57,-3.58,0.57,0.01,-30.00,30.00,30.00,30.00,
-1.57,-3.58,0.56,0.01,-30.00,30.00,30.00,-30.00,
-1.56,-3.59,0.57,0.01,-30.00,30.00,30.00,-30.00,
-1.56,-3.59,0.57,0.01,-30.00,30.00,30.00,-30.00,
-1.57,-3.59,0.57,0.01,-30.00,30.00,30.00,-30.00,
-1.57,-3.59,0.57,0.01,-30.00,30.00,30.00,-30.00,
-1.57,-3.60,0.57,0.01,-30.00,30.00,30.00,-30.00,
-1.57,-3.60,0.57,0.01,-30.00,30.00,30.00,-30.00,
-1.57,-3.60,0.57,0.01,-30.00,30.00,30.00,-30.00,
-1.57,-3.60,0.58,0.01,-30.00,30.00,30.00,-30.00,
-1.57,-3.60,0.58,0.01,-30.00,30.00,30.00,-30.00,
-1.57,-3.60,0.58,0.01,-30.00,30.00,30.00,-30.00,
-1.57,-3.60,0.58,0.01,-30.00,30.00,30.00,-30.00,
-1.57,-3.60,0.58,0.01,-30.00,30.00,30.00,-30.00,
-1.57,-3.60,0.58,0.01,-30.00,30.00,30.00,-30.00,
-1.57,-3.61,0.58,0.01,-30.00,30.00,30.00,-30.00,
-1.57,-3.61,0.58,0.01,-30.00,30.00,30.00,-30.00,
-1.57,-3.61,0.58,0.01,-30.00,30.00,30.00,-30.00,
-1.57,-3.61,0.58,0.01,-30.00,30.00,30.00,-30.00,
-1.57,-3.61,0.58,0.01,-30.00,30.00,30.00,-30.00,
-1.57,-3.61,0.58,0.01,-30.00,30.00,30.00,-30.00,
-1.57,-3.62,0.58,0.01,-30.00,30.00,30.00,-30.00,
-1.58,-3.65,0.59,0.01,-30.00,-30.00,30.00,-30.00,
-1.60,-3.66,0.61,0.01,30.00,-30.00,30.00,-30.00,
-1.62,-3.68,0.63,0.01,-30.00,-30.00,30.00,-30.00,
-1.69,-3.67,0.81,0.01,-30.00,30.00,30.00,-30.00,
-1.70,-3.65,0.85,0.01,-30.00,30.00,30.00,-30.00,
-1.71,-3.63,0.87,0.01,30.00,30.00,30.00,30.00,
-1.72,-3.61,0.85,0.01,30.00,30.00,30.00,30.00,
-1.72,-3.60,0.82,0.01,30.00,30.00,-30.00,30.00,
-1.70,-3.59,0.77,0.01,-30.00,30.00,-30.00,30.00,
-1.68,-3.59,0.78,0.01,-30.00,30.00,-30.00,-30.00,
-1.72,-3.50,0.81,0.01,30.00,-30.00,-30.00,30.00,
-1.61,-3.41,-0.44,9.28,30.00,-30.00,-30.00,30.00,
-1.02,-3.48,-0.83,51.15,-11.69,-30.00,-30.00,-17.61,
-0.53,-3.42,-0.96,67.80,-30.00,10.21,-30.00,30.00,
-0.29,-3.17,-1.04,67.80,8.94,6.94,-0.39,22.27,
-0.53,-3.31,-1.22,81.46,-10.90,-1.24,-30.00,9.54,
-0.40,-3.22,-1.38,91.02,30.00,-13.74,8.72,-1.04,
-0.58,-3.33,-1.29,114.44,10.65,-12.07,5.10,-6.19,
-0.78,-3.36,-1.60,124.08,4.91,-4.24,1.79,-1.19,
-0.73,-3.23,-1.61,124.08,-1.31,5.88,-3.86,8.96,
-0.94,-3.18,-1.48,128.85,4.87,3.01,6.02,1.98,
-0.90,-3.22,-1.48,134.20,-1.14,-2.52,-2.70,-0.98,
-1.00,-3.19,-1.47,134.20,1.03,-3.13,-0.75,-1.25,
-1.06,-3.12,-1.47,134.20,3.27,2.44,2.04,3.70,
-1.11,-3.16,-1.50,134.20,3.76,-3.32,0.91,-0.51,
-1.15,-3.06,-1.49,137.94,2.37,3.92,1.20,5.21,
-1.22,-3.13,-1.52,137.94,4.35,-4.64,1.63,-1.90,
-1.38,-3.15,-1.49,137.94,7.09,-0.45,7.38,-0.67,
-1.43,-3.21,-1.50,137.94,2.95,-3.74,1.30,-2.04,
-1.57,-3.24,-1.44,137.94,6.10,-0.67,7.46,-1.77,
-1.52,-3.17,-1.43,144.56,-1.57,2.53,-2.26,3.24,
-1.70,-3.32,-1.37,144.56,6.77,-5.38,8.48,-6.99,
-1.67,-3.16,-1.32,144.56,-1.71,7.30,-0.82,6.20,
-1.73,-3.27,-1.26,144.56,1.66,-3.88,2.81,-5.13,
-1.79,-3.22,-1.17,144.56,0.99,3.41,3.79,0.65,
-1.70,-3.13,-1.12,147.19,-4.02,3.71,-2.84,2.54,
-1.80,-3.27,-1.05,147.19,3.06,-4.35,4.94,-6.33,
-1.68,-3.16,-1.04,147.19,-4.59,4.26,-4.73,4.40,
-1.76,-3.32,-1.02,147.19,3.11,-6.42,2.92,-6.20,
-1.71,-3.21,-1.04,147.19,-1.21,3.36,-2.65,4.91,
-1.63,-3.27,-1.10,151.03,-1.36,-3.62,-4.48,-0.58,
-1.68,-3.35,-1.15,151.03,3.00,-4.40,0.42,-1.70,
-1.54,-3.22,-1.24,151.03,-2.76,2.39,-7.69,7.24,
-1.54,-3.36,-1.35,151.03,2.22,-8.15,-2.48,-2.66,
-1.42,-3.20,-1.46,151.03,-1.72,3.28,-7.49,9.47,
-1.36,-3.27,-1.60,153.72,1.09,-5.62,-5.14,0.68,
-1.30,-3.12,-1.73,153.72,0.53,2.45,-5.09,8.81,
-1.20,-3.08,-1.87,153.72,-0.37,-1.76,-7.22,4.65,
-1.27,-3.06,-1.97,153.72,5.03,-1.63,0.07,3.12,
-1.16,-2.81,-2.10,153.72,-0.94,5.97,-7.32,14.19,
-1.21,-2.83,-2.21,155.61,4.55,-3.45,-0.88,1.88,
-1.23,-2.69,-2.29,155.61,2.80,2.67,-1.52,7.66,
-1.16,-2.53,-2.39,155.61,0.01,2.91,-4.92,8.48,
-1.32,-2.24,-2.56,154.92,0.04,4.17,-2.56,7.23,
-1.44,-2.37,-2.56,154.92,4.92,-5.49,3.09,-3.62,
-1.45,-2.24,-2.55,154.92,1.04,4.01,-0.23,5.49,
-1.50,-2.33,-2.54,154.92,2.43,-4.10,0.90,-2.48,
-1.63,-2.38,-2.49,156.45,4.38,-1.51,4.28,-1.43,
-1.59,-2.35,-2.48,156.45,-0.59,0.23,-1.90,1.52,
-1.73,-2.47,-2.46,156.45,5.46,-4.38,4.61,-3.56,
-1.71,-2.26,-2.45,156.45,0.13,6.56,-1.39,8.54,
-1.69,-2.25,-2.49,156.45,0.76,-1.12,-2.22,1.84,
-1.81,-2.32,-2.54,157.51,5.49,-3.90,2.18,-0.77,
-1.77,-2.13,-2.61,157.51,0.97,4.15,-3.13,9.17,
-1.74,-2.11,-2.72,157.51,1.58,-1.99,-3.84,3.41,
-1.82,-2.12,-2.82,157.51,5.54,-2.92,0.12,2.22,
-1.82,-2.11,-3.06,160.26,5.44,-8.66,-0.51,-2.04,
-1.86,-2.06,-3.15,160.26,4.02,-0.91,-1.12,4.26,
-1.78,-1.88,-3.25,160.26,-0.11,3.05,-5.65,9.33,
-1.76,-1.94,-3.33,160.26,1.70,-4.43,-2.95,0.36,
-1.83,-2.01,-3.37,160.26,3.95,-4.02,0.49,-0.55,
-1.81,-1.85,-3.39,162.18,0.76,3.67,-2.01,6.93,
-1.75,-1.82,-3.42,162.18,-0.27,-0.53,-3.27,2.40,
-1.78,-1.93,-3.43,162.18,2.03,-4.87,-0.19,-2.42,
-1.81,-1.91,-3.41,162.18,1.59,0.07,0.05,1.61,
-1.73,-1.75,-3.38,162.18,-1.65,4.38,-3.06,5.94,
-1.69,-1.82,-3.36,167.53,-0.54,-2.91,-1.77,-1.64,
-1.71,-2.00,-3.32,167.53,1.05,-5.78,0.32,-4.91,
-1.77,-2.05,-3.24,167.53,1.23,-1.23,1.73,-1.73,
-1.75,-1.97,-3.14,167.53,-0.86,2.93,0.11,1.89,
-1.67,-1.96,-3.04,167.53,-2.92,0.71,-1.69,-0.44,
-1.64,-2.05,-2.92,171.27,-1.79,-1.66,-0.22,-3.32,
-1.66,-2.16,-2.78,171.27,-0.68,-1.62,1.77,-4.28,
-1.70,-2.18,-2.62,171.27,-0.17,0.88,2.70,-1.95,
-1.70,-1.96,-2.27,171.27,-2.49,6.10,1.26,1.93,
-1.66,-1.79,-2.08,173.89,-3.13,7.08,0.83,2.58,
-1.61,-1.84,-1.91,173.89,-3.06,0.33,0.32,-3.04,
-1.62,-1.96,-1.75,173.89,-1.55,-1.30,1.84,-4.97,
-1.65,-2.08,-1.59,173.89,-0.73,-1.68,2.74,-5.45,
-1.72,-2.19,-1.43,173.89,-0.05,-0.98,3.55,-4.73,
-1.80,-2.24,-1.27,179.72,0.47,0.35,4.00,-3.07,
-1.90,-2.24,-1.13,179.72,0.80,1.58,3.89,-1.33,
-1.94,-2.11,-0.98,179.72,-0.55,5.08,2.63,1.63,
-1.95,-1.98,-0.87,179.72,-0.70,4.52,1.54,2.07,
-2.00,-1.84,-0.77,179.72,-0.00,4.78,2.17,2.41,
-2.01,-1.81,-0.71,181.81,-0.31,1.35,0.93,0.10,
-2.05,-1.67,-0.64,181.81,0.26,4.18,1.52,2.80,
-2.05,-1.64,-0.62,181.81,-0.08,0.85,0.17,0.59,
-2.05,-1.63,-0.61,181.81,0.19,0.25,-0.02,0.45,
-2.08,-1.58,-0.65,181.81,1.23,0.39,0.04,1.59,
-2.10,-1.56,-0.71,187.26,1.35,-0.27,-0.40,1.49,
-2.13,-1.49,-0.79,187.26,1.62,0.50,-0.48,2.67,
-2.22,-1.49,-1.16,187.26,2.53,-1.25,-1.34,2.62,
-2.28,-1.54,-1.31,191.08,3.28,-3.02,-0.64,0.88,
-2.31,-1.56,-1.49,191.08,2.95,-2.99,-1.67,1.63,
-2.33,-1.55,-1.68,191.08,3.15,-2.19,-2.00,2.96,
-2.39,-1.58,-1.88,191.08,3.92,-3.37,-1.27,1.78,
-2.41,-1.60,-2.06,191.08,3.00,-3.05,-2.09,2.05,
-2.41,-1.58,-2.25,193.76,2.62,-1.99,-2.37,3.01,
-2.42,-1.52,-2.44,193.76,2.74,-1.27,-2.55,4.09,
-2.42,-1.43,-2.65,193.76,2.81,-0.83,-2.85,4.98,
-2.42,-1.28,-2.88,193.76,3.13,0.09,-3.09,6.74,
-2.44,-1.13,-3.07,193.76,3.34,0.45,-2.27,6.48,
-2.45,-1.01,-3.33,197.63,3.65,-0.90,-3.26,6.27,
-2.46,-0.89,-3.58,197.63,3.55,-0.64,-3.15,6.36,
-2.45,-0.74,-3.80,197.63,2.93,-0.02,-3.30,6.60,
-2.39,-0.66,-4.04,197.63,1.99,-1.65,-4.87,5.25,
-2.39,-0.53,-4.28,197.63,3.44,-0.62,-3.33,6.47,
-2.39,-0.40,-4.49,198.34,3.09,-0.40,-3.19,6.18,
-2.41,-0.33,-4.66,198.34,3.36,-1.31,-2.13,4.24,
-2.38,-0.19,-5.02,198.34,3.02,-1.54,-2.89,4.45,
-2.41,-0.14,-5.17,198.34,3.27,-1.60,-1.96,3.65,
-2.35,-0.11,-5.31,198.84,1.31,-1.90,-3.86,3.22,
-2.35,-0.06,-5.42,198.84,2.23,-1.24,-2.19,3.22,
-2.37,-0.06,-5.53,198.84,2.63,-2.09,-1.89,2.44,
-2.37,-0.12,-5.63,198.84,2.22,-3.43,-2.10,0.93,
-2.35,-0.14,-5.82,201.19,2.08,-3.13,-2.42,1.40,
-2.33,-0.22,-5.96,201.19,2.19,-4.39,-3.03,0.93,
-2.25,-0.31,-6.13,201.19,1.37,-4.81,-4.45,1.05,
-2.16,-0.35,-6.30,201.19,1.04,-3.73,-5.15,2.33,
-2.06,-0.30,-6.47,201.19,0.96,-2.13,-5.31,4.00,
-2.01,-0.21,-6.64,204.83,2.00,-1.16,-3.95,4.87,
-1.95,-0.15,-6.82,204.83,1.83,-1.72,-4.33,4.45,
-1.92,-0.11,-6.98,204.83,2.41,-2.22,-3.49,3.69,
-1.90,-0.17,-7.15,204.83,2.60,-4.36,-3.59,1.87,
-1.83,-0.25,-7.31,204.83,1.65,-4.73,-4.33,1.29,
-1.77,-0.24,-7.45,207.38,1.47,-2.51,-4.13,3.04,
-1.70,-0.14,-7.57,207.38,1.16,-0.68,-3.94,4.48,
-1.67,-0.03,-7.65,207.38,1.77,-0.03,-2.69,4.62,
-1.70,0.04,-7.73,207.38,2.67,-0.98,-1.74,3.48,
-1.73,0.14,-7.84,211.17,2.32,-1.24,-1.51,2.60,
-1.70,0.17,-7.88,211.17,1.13,-1.29,-2.50,2.33,
-1.68,0.23,-7.90,211.17,1.35,-0.52,-1.83,2.70,
-1.69,0.35,-7.92,211.17,1.76,0.72,-1.40,4.06,
-1.73,0.48,-7.91,211.17,2.03,0.85,-0.64,3.65,
-1.98,0.57,-7.86,211.82,3.58,-0.56,1.13,1.76,
-2.09,0.52,-7.82,211.82,3.01,-1.79,0.91,0.23,
-2.16,0.51,-7.76,211.82,2.16,-1.02,0.36,0.72,
-2.25,0.53,-7.68,211.82,2.33,-0.33,0.98,0.96,
-2.35,0.61,-7.59,212.27,2.13,0.97,1.15,1.95,
-2.49,0.64,-7.47,212.27,2.90,0.11,2.24,0.72,
-2.61,0.61,-7.35,212.27,2.38,-0.71,1.84,-0.21,
-2.70,0.65,-7.21,212.27,1.72,0.61,1.66,0.67,
-2.83,0.74,-7.04,212.27,2.08,1.93,2.61,1.41,
-2.97,0.76,-6.85,216.59,1.96,0.75,2.90,-0.12,
-3.08,0.76,-6.65,216.59,1.20,0.56,2.42,-0.60,
-3.16,0.78,-6.42,216.59,0.57,1.13,2.34,-0.59,
-3.26,0.89,-6.15,216.59,0.43,3.28,3.00,0.68,
-3.38,0.94,-5.89,216.59,0.78,2.19,3.44,-0.36,
-3.49,0.97,-5.62,219.61,0.49,1.74,3.10,-0.77,
-3.55,1.07,-5.34,219.61,-0.38,3.20,2.55,0.21,
-3.65,1.17,-5.06,219.61,0.18,3.14,3.22,0.11,
-3.77,1.25,-4.80,219.61,0.58,2.74,3.42,-0.04,
-3.84,1.28,-4.56,219.61,-0.11,1.83,2.36,-0.61,
-3.94,1.48,-4.13,221.73,0.20,2.51,2.26,0.43,
-3.97,1.51,-4.00,221.73,0.07,0.85,0.91,0.02,
-4.01,1.62,-3.90,221.73,0.45,1.99,0.83,1.60,
-4.07,1.70,-3.87,221.73,1.36,0.97,0.55,1.79,
-4.08,1.72,-3.91,225.21,1.18,-0.63,-0.59,1.13,
-4.12,1.79,-3.99,225.21,1.77,-0.08,-0.75,2.48,
-4.20,1.86,-4.11,225.21,2.98,-0.58,-0.36,2.75,
-4.22,1.88,-4.28,225.21,2.40,-1.72,-1.66,2.34,
-4.27,1.94,-4.46,225.21,3.01,-1.05,-1.25,3.22,
-4.31,1.93,-4.66,195.65,4.10,-3.44,-2.31,2.94,
-4.38,2.01,-4.85,195.65,4.55,-1.43,-1.64,4.79,
-4.37,1.98,-5.03,195.65,2.80,-3.47,-3.09,2.43,
-4.41,2.06,-5.17,195.65,3.41,-0.94,-1.77,4.32,
-4.42,2.07,-5.30,195.65,2.81,-2.38,-2.31,2.74,
-4.44,2.16,-5.38,136.95,5.32,0.26,-2.91,9.30,
-4.39,2.17,-5.45,136.95,1.70,-3.90,-6.70,4.26,
-4.39,2.27,-5.49,136.95,3.25,1.20,-3.03,8.25,
-4.35,2.28,-5.53,136.95,1.27,-2.61,-5.46,3.98,
-4.28,2.34,-5.54,136.95,-0.45,-0.18,-6.23,5.46,
-4.24,2.34,-5.53,95.87,1.90,-5.26,-8.10,4.37,
-4.18,2.37,-5.50,95.87,-2.52,-0.63,-10.63,6.42,
-4.16,2.33,-5.44,95.87,0.23,-5.76,-3.98,-1.29,
-4.11,2.33,-5.33,95.87,-4.03,-0.07,-4.30,0.16,
-4.08,2.24,-5.20,95.87,-4.45,-6.67,-1.51,-10.34,
-4.01,2.19,-5.01,67.11,-30.00,-2.38,-4.23,-30.00,
-4.01,2.17,-4.76,67.11,-21.18,12.79,16.15,-30.00,
-3.97,2.06,-4.49,67.11,-30.00,-2.75,11.73,-30.00,
-3.92,2.04,-4.18,67.11,-30.00,30.00,15.29,-30.00,
-3.94,2.01,-3.85,67.11,-30.00,30.00,30.00,-30.00,
-3.93,1.92,-3.54,46.97,-30.00,18.25,30.00,-30.00,
-3.88,1.90,-3.25,46.97,-30.00,30.00,30.00,-30.00,
-3.90,1.92,-3.00,46.97,-30.00,30.00,30.00,-30.00,
-3.86,1.91,-2.80,46.97,-30.00,30.00,11.00,-30.00,
-3.78,1.99,-2.68,46.97,-30.00,30.00,-24.18,24.13,
-3.80,2.11,-2.62,32.88,8.53,30.00,30.00,30.00,
-3.79,2.18,-2.65,32.88,30.00,30.00,-30.00,30.00,
-3.75,2.27,-2.77,32.88,30.00,-4.06,-30.00,30.00,
-3.78,2.41,-2.94,32.88,30.00,30.00,-30.00,30.00,
-3.86,2.49,-3.21,32.88,30.00,-30.00,-30.00,30.00,
-3.90,2.51,-3.51,32.88,30.00,-30.00,-30.00,30.00,
-3.93,2.59,-3.79,23.02,30.00,-30.00,-30.00,30.00,
-4.01,2.62,-4.08,23.02,30.00,-30.00,-30.00,30.00,
-4.03,2.59,-4.33,23.02,30.00,-30.00,-30.00,30.00,
-4.07,2.58,-4.53,23.02,30.00,-30.00,-30.00,30.00,
-4.09,2.47,-4.67,23.02,30.00,-30.00,-30.00,23.71,
-4.03,2.33,-4.74,16.11,30.00,-30.00,-30.00,-30.00,
-3.96,2.22,-4.71,16.11,-30.00,-30.00,-30.00,-30.00,
-3.92,2.12,-4.60,16.11,-30.00,-30.00,-30.00,-30.00,
-3.77,1.94,-4.45,16.11,-30.00,-30.00,-30.00,-30.00,
-3.59,1.79,-4.25,16.11,-30.00,-30.00,-30.00,-30.00,
-3.41,1.66,-4.00,11.28,-30.00,-30.00,-30.00,-30.00,
-3.20,1.44,-3.72,11.28,-30.00,-30.00,-30.00,-30.00,
-2.92,1.20,-3.46,11.28,-30.00,-30.00,-30.00,-30.00,
-2.68,0.95,-3.17,11.28,-30.00,-30.00,-30.00,-30.00,
-2.41,0.66,-2.91,11.28,-30.00,-30.00,-30.00,-30.00,
-2.11,0.40,-2.66,7.90,-30.00,-30.00,-30.00,-30.00,
-1.90,0.16,-2.43,7.90,-30.00,-30.00,-30.00,-30.00,
-1.64,-0.15,-2.28,7.90,-30.00,-30.00,-30.00,-30.00,
-1.13,-0.54,-2.16,7.90,-30.00,-30.00,-30.00,-30.00,
-0.91,-0.72,-2.24,5.53,-30.00,-30.00,-30.00,-30.00,
-0.64,-0.85,-2.42,5.53,-30.00,-30.00,-30.00,-30.00,
-0.40,-0.86,-2.72,5.53,-30.00,-30.00,-30.00,30.00,
-0.19,-0.86,-3.14,5.53,30.00,-30.00,-30.00,30.00,
0.06,-0.72,-3.67,5.53,30.00,-30.00,-30.00,30.00,
0.22,-0.47,-4.33,5.53,30.00,-30.00,-30.00,30.00,
0.32,-0.22,-5.10,3.87,30.00,-30.00,-30.00,30.00,
0.48,0.47,-7.09,3.87,30.00,-30.00,-30.00,30.00,
0.11,2.08,-13.39,22.71,30.00,-30.00,-30.00,30.00,
0.07,2.26,-14.64,22.71,30.00,-30.00,-30.00,30.00,
-0.06,2.42,-15.80,22.71,30.00,-30.00,-30.00,30.00,
-0.16,2.46,-16.90,85.90,30.00,-30.00,-30.00,30.00,
-0.28,2.54,-17.91,85.90,30.00,-30.00,-30.00,30.00,
-0.42,2.59,-18.85,85.90,30.00,-30.00,-30.00,30.00,
-0.59,2.55,-19.75,85.90,30.00,-30.00,-30.00,30.00,
-1.15,1.88,-24.56,126.13,30.00,-30.00,-30.00,30.00,
-1.14,1.69,-25.31,158.29,30.00,-30.00,-30.00,21.14,
-1.10,1.60,-26.04,158.29,30.00,-30.00,-30.00,30.00,
-1.13,1.55,-26.76,158.29,30.00,-30.00,-30.00,30.00,
-1.12,1.44,-27.51,158.29,30.00,-30.00,-30.00,30.00,
-1.13,1.43,-28.27,158.29,30.00,-30.00,-30.00,30.00,
-1.14,1.53,-29.03,158.29,30.00,-30.00,-30.00,30.00,
-1.21,1.62,-29.80,192.80,30.00,-17.47,-18.27,30.00,
-1.27,1.74,-30.60,192.80,30.00,-16.91,-20.26,30.00,
-1.43,1.78,-31.40,192.80,30.00,-22.14,-15.72,30.00,
-1.49,1.76,-32.20,192.80,30.00,-30.00,-21.05,24.21,
-1.54,1.73,-32.95,192.80,30.00,-30.00,-20.95,22.26,
-1.66,1.69,-33.65,206.96,24.46,-19.39,-13.15,15.89,
-1.67,1.63,-34.30,206.96,17.11,-19.46,-16.13,14.25,
-1.70,1.49,-34.87,206.96,16.72,-22.01,-14.25,10.95,
-1.68,1.41,-35.34,206.96,12.96,-16.52,-14.66,11.44,
-1.68,1.28,-35.71,206.96,12.62,-17.15,-12.36,8.80,
-1.67,1.17,-35.96,222.87,8.61,-11.32,-9.14,6.67,
-1.55,1.09,-36.11,222.87,5.48,-9.70,-10.44,6.09,
-1.50,0.99,-36.16,222.87,5.84,-8.83,-7.86,4.98,
-1.36,0.92,-36.12,222.87,3.37,-7.44,-8.89,4.60,
-1.27,0.83,-36.02,222.87,3.67,-7.15,-7.08,3.61,
-1.17,0.80,-35.86,232.01,2.69,-4.84,-6.08,3.84,
-1.09,0.73,-35.66,232.01,2.58,-5.05,-5.36,2.87,
-1.03,0.75,-35.40,232.01,2.48,-3.16,-4.51,3.80,
-1.02,0.71,-35.14,232.01,3.13,-4.00,-3.56,2.69,
-1.00,0.77,-34.83,232.01,2.68,-1.96,-3.25,4.02,
-1.00,0.79,-34.52,238.41,2.72,-2.46,-2.72,2.98,
-0.98,0.91,-34.17,238.41,2.21,-0.74,-2.60,4.17,
-0.95,1.02,-33.79,238.41,1.56,-0.42,-2.56,3.78,
-0.95,1.16,-33.34,238.41,1.58,0.41,-1.53,3.66,
-0.89,1.36,-32.82,238.41,0.12,1.86,-1.78,3.90,
-0.87,1.62,-32.17,242.89,-0.38,3.76,-0.29,3.66,
-0.72,1.93,-31.37,242.89,-3.17,5.74,-0.81,3.16,
-0.62,2.31,-30.42,242.89,-3.88,8.46,0.96,2.85,
-0.43,2.65,-29.30,242.89,-6.80,9.46,1.03,0.96,
-0.31,2.94,-28.04,242.89,-7.00,10.03,3.17,-0.83,
-0.19,3.23,-26.63,246.02,-8.21,11.60,4.45,-1.89,
-0.12,3.39,-25.14,246.02,-8.54,10.10,5.98,-4.67,
-0.11,3.60,-23.55,246.02,-8.56,12.48,8.19,-4.92,
-0.09,3.65,-21.89,246.02,-9.52,10.18,8.98,-8.36,
-0.15,3.74,-20.14,246.02,-9.47,12.24,11.54,-8.87,
-0.16,3.80,-18.32,248.21,-10.96,12.37,11.43,-10.08,
-0.22,3.90,-16.43,248.21,-11.27,14.87,13.71,-10.32,
-0.23,4.04,-14.50,248.21,-12.97,16.51,13.44,-10.44,
-0.28,4.15,-12.55,248.21,-12.71,16.65,15.14,-11.51,
-0.33,4.30,-10.62,248.21,-13.05,18.49,15.39,-10.78,
-0.37,4.38,-8.73,251.75,-12.70,15.33,14.42,-11.93,
-0.44,4.49,-6.83,251.75,-12.35,16.80,15.85,-11.62,
-0.46,4.57,-4.96,251.75,-13.75,15.86,14.50,-12.55,
-0.53,4.68,-3.08,251.75,-13.21,17.72,16.60,-12.36,
-0.53,4.77,-1.18,251.75,-15.33,17.97,15.36,-13.12,
-0.57,4.87,0.71,198.22,-30.00,30.00,30.00,-30.00,
-0.66,5.20,4.45,198.22,-30.00,30.00,30.00,-30.00,
-0.77,5.35,6.25,198.22,-30.00,30.00,30.00,-30.00,
-0.87,5.48,7.94,198.22,-30.00,30.00,30.00,-30.00,
-1.01,5.67,9.55,138.76,-30.00,30.00,30.00,-30.00,
-1.22,5.87,11.07,138.76,-30.00,30.00,30.00,-30.00,
-1.42,6.01,12.45,138.76,-30.00,30.00,30.00,-30.00,
-1.59,6.21,13.76,138.76,-30.00,30.00,30.00,-30.00,
-1.83,6.41,14.94,138.76,-30.00,30.00,30.00,-30.00,
-2.00,6.57,16.00,97.13,-30.00,30.00,30.00,-30.00,
-2.13,6.75,16.93,97.13,-30.00,30.00,30.00,-30.00,
-2.47,7.02,18.42,97.13,-30.00,30.00,30.00,-30.00,
-2.58,7.08,18.95,97.13,-30.00,30.00,30.00,-30.00,
-2.72,7.18,19.34,99.99,-30.00,30.00,30.00,-30.00,
-2.93,7.24,19.58,99.99,-9.81,30.00,30.00,-30.00,
-3.16,7.21,19.65,99.99,-0.39,29.04,30.00,-30.00,
-3.39,7.21,19.53,99.99,8.52,14.65,30.00,-13.12,
-3.73,7.15,19.26,99.99,30.00,-0.37,30.00,-11.46,
-4.04,7.02,18.80,85.99,30.00,-30.00,30.00,-12.63,
-4.38,6.88,18.21,85.99,30.00,-30.00,30.00,-2.62,
-4.77,6.67,17.46,85.99,30.00,-30.00,30.00,-0.35,
-5.13,6.40,16.54,85.99,30.00,-30.00,7.16,2.26,
-5.47,6.15,15.48,85.99,30.00,-30.00,-3.64,20.45,
-5.85,5.88,14.27,60.20,30.00,-30.00,-30.00,30.00,
-6.20,5.51,12.88,60.20,30.00,-30.00,-30.00,30.00,
-6.47,5.10,11.36,60.20,30.00,-30.00,-30.00,30.00,
-6.75,4.71,9.73,60.20,30.00,-30.00,-30.00,30.00,
-7.01,4.23,7.95,60.20,30.00,-30.00,-30.00,30.00,
-7.20,3.65,6.05,60.20,30.00,-30.00,-30.00,30.00,
-7.38,3.08,4.02,42.14,30.00,-30.00,-30.00,30.00,
-7.52,2.38,1.83,42.14,30.00,-30.00,-30.00,30.00,
-7.56,1.59,-0.50,42.14,30.00,-30.00,-30.00,30.00,
-7.56,0.79,-2.95,42.14,30.00,-30.00,-30.00,30.00,
-7.55,-0.10,-5.54,42.14,30.00,-30.00,-30.00,30.00,
-7.44,-1.11,-8.27,29.50,30.00,-30.00,-30.00,30.00,
-7.24,-2.14,-11.13,29.50,30.00,-30.00,-30.00,30.00,
-6.60,-4.22,-17.21,29.50,30.00,-30.00,-30.00,30.00,
-6.06,-5.29,-20.42,29.50,30.00,-30.00,-30.00,30.00,
-5.43,-6.24,-23.67,20.65,30.00,-30.00,-30.00,30.00,
-4.68,-7.13,-26.97,20.65,30.00,-30.00,-30.00,30.00,
-3.74,-7.93,-30.29,20.65,30.00,-30.00,-30.00,30.00,
4.38,-11.18,-53.47,84.45,30.00,-30.00,-30.00,30.00,
6.77,-11.31,-59.42,129.12,30.00,-30.00,-30.00,30.00,
10.84,-11.16,-68.01,129.12,30.00,-30.00,-30.00,30.00,
11.54,-11.13,-69.29,172.38,30.00,-30.00,-30.00,30.00,
12.14,-11.17,-70.24,172.38,27.46,-30.00,-30.00,30.00,
12.70,-11.28,-70.87,172.38,16.88,-30.00,-30.00,30.00,
13.16,-11.30,-71.25,172.38,15.68,-30.00,-30.00,30.00,
13.65,-11.24,-71.56,172.38,12.69,-30.00,-30.00,30.00,
14.02,-10.94,-71.87,190.67,13.91,-16.93,-30.00,30.00,
14.31,-10.53,-72.21,190.67,18.18,-13.21,-30.00,30.00,
14.57,-10.07,-72.57,190.67,21.57,-11.96,-30.00,30.00,
14.71,-9.60,-72.96,190.67,30.00,-12.32,-30.00,30.00,
14.84,-9.33,-73.39,190.67,30.00,-23.81,-30.00,30.00,
14.83,-8.90,-73.82,205.47,30.00,-11.81,-30.00,30.00,
14.44,-8.34,-74.30,205.47,30.00,-9.37,-14.49,30.00,
14.10,-8.00,-74.64,205.47,30.00,-13.63,-13.39,30.00,
13.61,-7.63,-74.68,205.47,30.00,-8.59,-5.75,30.00,
13.06,-7.21,-74.55,205.47,30.00,-5.25,-2.47,30.00,
12.51,-6.90,-74.18,213.83,30.00,-4.47,-0.16,25.06,
11.86,-6.60,-73.64,213.83,30.00,-2.96,3.38,18.79,
11.02,-6.08,-72.81,213.83,30.00,3.79,10.98,22.55,
10.18,-5.63,-71.75,213.83,30.00,4.85,14.41,14.11,
9.18,-5.10,-70.61,213.83,30.00,7.57,24.52,14.93,
8.06,-4.60,-69.43,223.68,30.00,6.97,30.00,11.66,
7.01,-4.14,-68.20,223.68,30.00,7.02,30.00,9.85,
5.95,-3.86,-66.98,223.68,30.00,3.64,30.00,5.82,
4.82,-3.58,-65.81,223.68,30.00,3.25,30.00,6.09,
3.67,-3.32,-64.67,223.68,30.00,3.17,30.00,5.89,
2.59,-3.25,-63.54,226.58,30.00,-0.08,30.00,2.17,
1.56,-3.27,-62.46,226.58,30.00,-1.69,22.92,0.95,
0.49,-3.31,-61.43,226.58,30.00,-2.20,24.34,0.91,
-0.46,-3.55,-60.45,226.58,30.00,-5.78,18.35,-1.91,
-2.30,-4.07,-58.50,230.60,25.64,-6.05,16.51,-2.72,
-3.04,-4.29,-57.48,230.60,16.00,-4.42,12.60,-2.38,
-3.77,-4.45,-56.40,230.60,14.38,-2.82,13.08,-2.04,
-4.37,-4.48,-55.23,230.60,9.88,0.00,11.27,-0.92,
-4.94,-4.39,-53.93,230.60,7.70,3.10,12.54,-0.30,
-5.33,-4.20,-52.50,237.42,2.90,5.80,9.56,-0.06,
-5.70,-3.94,-50.93,237.42,1.42,8.50,10.86,-0.24,
-5.95,-3.66,-49.26,237.42,-1.34,10.55,9.82,-0.83,
-6.20,-3.32,-47.47,237.42,-2.47,13.24,11.26,-1.20,
-6.34,-3.00,-45.58,237.42,-5.36,14.97,10.49,-2.36,
-6.41,-2.64,-43.56,240.20,-7.67,17.63,10.63,-3.09,
-6.39,-2.19,-41.42,240.20,-11.31,26.09,10.17,-2.85,
-6.30,-1.73,-39.16,240.20,-14.61,30.00,10.63,-4.12,
-6.03,-1.25,-36.77,240.20,-25.18,30.00,8.80,-5.02,
-5.68,-0.67,-34.23,240.20,-30.00,30.00,9.13,-5.19,
-5.22,-0.18,-31.60,242.14,-30.00,30.00,8.26,-7.65,
-4.71,0.33,-28.91,242.14,-30.00,30.00,8.60,-8.55,
-4.24,0.81,-26.20,242.14,-30.00,30.00,9.80,-9.72,
-3.76,1.19,-23.50,242.14,-30.00,30.00,9.98,-12.09,
-3.28,1.51,-20.85,242.14,-30.00,30.00,10.16,-13.64,
-2.82,1.85,-18.23,237.50,-30.00,30.00,11.25,-14.08,
-2.34,2.17,-15.64,237.50,-30.00,30.00,11.18,-14.95,
-1.80,2.48,-13.07,237.50,-30.00,30.00,10.24,-15.64,
-1.23,2.98,-10.44,237.50,-30.00,30.00,10.71,-12.30,
-0.64,3.54,-7.74,237.50,-30.00,30.00,11.60,-12.20,
0.03,4.01,-5.01,234.25,-30.00,30.00,11.32,-16.65,
0.74,4.45,-2.26,234.25,-30.00,30.00,11.24,-18.70,
1.79,5.16,3.15,234.25,-30.00,30.00,18.44,-30.00,
2.17,5.28,5.73,234.25,-30.00,30.00,21.14,-30.00,
2.47,5.31,8.18,231.97,-30.00,30.00,23.91,-30.00,
2.54,5.38,10.47,231.97,-30.00,30.00,30.00,-30.00,
2.41,5.34,14.45,231.97,-24.22,24.20,30.00,-30.00,
2.28,5.39,16.12,231.97,-17.61,27.14,30.00,-20.61,
2.10,5.39,17.57,232.38,-13.41,18.62,30.00,-18.93,
1.90,5.33,18.74,232.38,-9.76,13.19,21.78,-16.15,
1.54,5.29,19.63,232.38,-4.35,10.52,23.65,-12.33,
1.16,5.21,20.21,232.38,-1.69,6.67,17.59,-9.82,
0.65,5.04,20.50,232.38,2.37,2.75,17.36,-8.80,
0.13,4.89,20.55,238.67,4.39,0.95,13.04,-5.81,
-0.46,4.61,20.32,238.67,7.82,-2.68,11.34,-5.47,
-1.01,4.29,19.83,238.67,9.82,-5.58,7.99,-4.04,
-1.60,3.84,19.08,238.67,13.30,-10.37,6.10,-3.94,
-2.06,3.31,18.10,238.67,13.69,-15.33,2.24,-3.19,
-2.53,2.68,16.90,241.07,16.43,-22.61,0.39,-2.75,
-2.87,1.99,15.48,241.07,16.42,-30.00,-3.01,-1.78,
-3.19,1.24,13.84,241.07,20.03,-30.00,-5.25,-1.03,
-3.42,0.39,12.00,241.07,21.04,-30.00,-8.87,-0.58,
-3.59,-0.45,9.98,241.07,23.32,-30.00,-12.51,0.93,
-3.81,-1.30,7.75,238.75,30.00,-30.00,-14.93,2.67,
-4.16,-3.73,-0.07,238.75,30.00,-30.00,-30.00,10.97,
-4.20,-4.49,-3.01,238.75,30.00,-30.00,-30.00,12.87,
-4.19,-5.10,-6.05,175.12,30.00,-30.00,-30.00,30.00,
-4.04,-5.59,-9.16,175.12,30.00,-30.00,-30.00,30.00,
-3.81,-5.98,-12.29,175.12,30.00,-30.00,-30.00,30.00,
-3.45,-6.30,-15.42,175.12,30.00,-30.00,-30.00,30.00,
-2.97,-6.50,-18.50,175.12,30.00,-30.00,-30.00,30.00,
-2.44,-6.62,-21.46,136.59,30.00,-30.00,-30.00,30.00,
-1.82,-6.76,-24.33,136.59,30.00,-30.00,-30.00,30.00,
-1.11,-6.84,-27.09,136.59,30.00,-30.00,-30.00,30.00,
-0.38,-6.82,-29.73,136.59,30.00,-30.00,-30.00,30.00,
0.28,-6.70,-32.25,136.59,30.00,-30.00,-30.00,30.00,
0.98,-6.59,-34.67,159.61,30.00,-30.00,-30.00,30.00,
1.72,-6.42,-37.00,159.61,30.00,-30.00,-30.00,30.00,
2.35,-6.09,-39.22,159.61,30.00,-30.00,-30.00,30.00,
2.99,-5.74,-41.33,159.61,30.00,-30.00,-30.00,30.00,
3.69,-5.41,-43.30,159.61,30.00,-30.00,-30.00,30.00,
4.32,-4.87,-45.11,179.73,30.00,-30.00,-30.00,30.00,
4.86,-4.30,-46.73,179.73,30.00,-30.00,-30.00,30.00,
5.40,-3.77,-48.15,179.73,30.00,-30.00,-30.00,30.00,
5.96,-3.20,-49.38,179.73,19.15,-18.93,-30.00,30.00,
6.51,-2.62,-50.39,179.73,14.49,-13.26,-30.00,30.00,
7.05,-2.09,-51.16,179.73,10.37,-10.55,-30.00,30.00,
7.63,-1.69,-51.72,207.81,4.17,-8.25,-30.00,30.00,
8.15,-1.22,-52.05,207.81,3.28,-4.36,-30.00,30.00,
8.62,-0.85,-52.15,207.81,1.87,-3.67,-30.00,30.00,
9.07,-0.63,-52.01,207.81,-0.01,-4.48,-30.00,16.57,
9.54,-0.47,-51.56,207.81,-3.43,-2.41,-20.87,9.76,
9.95,-0.43,-50.80,215.47,-5.26,-1.66,-11.19,2.86,
10.39,-0.47,-49.67,215.47,-10.16,0.56,-7.08,-1.71,
10.87,-0.68,-48.19,215.47,-17.09,0.84,-3.80,-9.36,
11.27,-0.87,-46.31,215.47,-24.59,5.20,1.26,-14.74,
11.55,-1.16,-44.08,215.47,-30.00,7.33,7.56,-30.00,
11.79,-1.41,-41.50,226.83,-30.00,11.70,11.83,-30.00,
11.90,-1.62,-38.64,226.83,-30.00,17.67,22.47,-30.00,
11.91,-1.89,-35.57,226.83,-30.00,20.73,30.00,-30.00,
11.95,-2.20,-32.35,226.83,-30.00,25.36,30.00,-30.00,
11.94,-2.45,-29.00,226.83,-30.00,30.00,30.00,-30.00,
11.86,-2.63,-25.50,226.78,-30.00,30.00,30.00,-30.00,
11.79,-2.81,-21.90,226.78,-30.00,30.00,30.00,-30.00,
11.76,-2.93,-18.21,226.78,-30.00,30.00,30.00,-30.00,
11.81,-3.02,-14.50,226.78,-30.00,30.00,30.00,-30.00,
11.79,-3.01,-10.76,226.78,-30.00,30.00,30.00,-30.00,
11.80,-3.05,-7.10,226.74,-30.00,30.00,30.00,-30.00,
11.87,-3.04,-3.56,226.74,-30.00,30.00,30.00,-30.00,
11.90,-2.93,-0.13,226.74,-30.00,30.00,30.00,-30.00,
11.88,-2.74,3.15,226.74,-30.00,30.00,30.00,-30.00,
11.88,-2.53,6.23,226.74,-30.00,30.00,30.00,-30.00,
11.98,-2.22,9.13,224.72,-30.00,30.00,30.00,-30.00,
12.11,-1.75,11.85,224.72,-30.00,30.00,30.00,-30.00,
12.27,-1.18,14.42,224.72,-30.00,30.00,30.00,-19.29,
12.92,0.08,18.83,224.72,-30.00,30.00,19.99,-10.20,
13.24,0.85,20.64,225.31,-30.00,30.00,16.71,-5.78,
13.57,1.59,22.12,225.31,-30.00,30.00,12.03,-3.74,
13.92,2.30,23.25,225.31,-30.00,30.00,7.98,-1.33,
14.23,3.10,24.05,225.31,-23.76,30.00,5.65,2.42,
14.42,3.90,24.51,225.31,-12.90,30.00,4.66,5.60,
14.56,4.66,24.66,225.71,-8.17,30.00,2.96,7.66,
14.61,5.41,24.55,225.71,-4.02,23.11,2.11,10.35,
14.59,6.08,24.17,225.71,-0.40,14.35,1.22,11.59,
14.38,6.81,23.59,225.71,4.28,13.23,2.46,16.37,
14.14,7.35,22.79,225.71,7.28,6.14,1.09,14.13,
13.73,7.90,21.80,232.00,12.35,4.33,1.96,16.36,
13.22,8.23,20.58,232.00,19.35,-0.99,1.64,13.76,
12.59,8.48,19.16,232.00,30.00,-4.21,1.64,14.60,
11.80,8.49,17.53,232.00,30.00,-11.24,2.14,11.65,
10.98,8.41,15.74,232.00,30.00,-16.03,1.33,11.73,
9.00,7.95,11.82,236.40,30.00,-30.00,0.91,9.73,
8.03,7.64,9.80,236.40,30.00,-30.00,0.75,10.05,
7.05,7.24,7.77,236.40,30.00,-30.00,0.58,8.76,
6.19,6.71,5.72,236.40,30.00,-30.00,-1.47,6.94,
5.44,6.18,3.66,233.48,30.00,-30.00,-3.75,7.48,
4.71,5.69,1.57,233.48,30.00,-30.00,-4.54,9.11,
3.93,5.14,-0.57,233.48,30.00,-30.00,-4.75,8.70,
3.28,4.48,-2.80,233.48,30.00,-30.00,-7.97,8.09,
2.68,3.87,-5.10,233.48,30.00,-30.00,-10.38,10.10,
1.01,2.35,-12.40,231.44,30.00,-30.00,-20.44,18.13,
0.62,2.01,-14.88,231.44,30.00,-30.00,-23.27,28.08,
-0.15,1.40,-19.87,230.01,30.00,-30.00,-30.00,30.00,
-0.45,1.19,-22.39,230.01,30.00,-30.00,-30.00,30.00,
-0.77,1.08,-24.90,230.01,30.00,-30.00,-30.00,30.00,
-1.09,0.99,-27.40,230.01,30.00,-30.00,-30.00,30.00,
-1.39,0.92,-29.88,230.01,30.00,-30.00,-30.00,30.00,
-1.54,0.93,-32.29,229.00,30.00,-30.00,-30.00,30.00,
-1.70,0.94,-34.62,229.00,30.00,-30.00,-30.00,30.00,
-1.86,0.96,-36.87,229.00,30.00,-30.00,-30.00,30.00,
-1.86,0.86,-39.01,229.00,30.00,-30.00,-30.00,30.00,
-1.84,0.81,-41.00,229.00,30.00,-30.00,-30.00,30.00,
-1.84,0.75,-42.87,229.00,30.00,-30.00,-30.00,30.00,
-1.84,0.64,-44.60,240.30,30.00,-30.00,-30.00,30.00,
-1.72,0.52,-46.20,240.30,30.00,-30.00,-30.00,30.00,
-1.61,0.49,-47.63,240.30,24.12,-30.00,-30.00,30.00,
-1.55,0.51,-48.91,240.30,23.15,-25.75,-30.00,30.00,
-1.39,0.45,-50.03,240.30,16.83,-26.66,-30.00,20.20,
-1.30,0.53,-50.91,236.21,16.07,-16.63,-23.90,22.80,
-1.17,0.54,-51.60,236.21,13.22,-16.41,-21.01,16.72,
-0.95,0.57,-52.02,236.21,8.04,-12.13,-19.69,13.67,
-0.67,0.51,-52.17,236.21,4.83,-11.28,-16.80,8.66,
-0.38,0.50,-51.95,236.21,1.75,-6.52,-12.19,6.29,
0.02,0.42,-51.38,241.35,-2.39,-4.48,-10.10,2.06,
0.42,0.45,-50.38,241.35,-5.78,0.32,-5.96,0.46,
0.87,0.39,-48.97,241.35,-10.84,2.21,-3.30,-3.92,
1.26,0.47,-47.12,241.35,-15.04,8.23,0.87,-5.58,
1.63,0.47,-44.86,241.35,-22.08,11.23,4.41,-11.03,
1.95,0.53,-42.20,242.94,-30.00,18.01,9.18,-14.88,
2.22,0.53,-39.28,242.94,-30.00,22.15,13.41,-21.64,
2.50,0.58,-36.12,242.94,-30.00,30.00,17.43,-30.00,
2.72,0.59,-32.76,242.94,-30.00,30.00,26.09,-30.00,
3.13,0.58,-25.64,238.06,-30.00,30.00,30.00,-30.00,
3.38,0.67,-21.87,238.06,-30.00,30.00,30.00,-30.00,
3.67,0.88,-17.98,238.06,-30.00,30.00,30.00,-30.00,
3.98,1.04,-13.98,238.06,-30.00,30.00,30.00,-30.00,
4.36,1.23,-9.96,238.06,-30.00,30.00,30.00,-30.00,
4.76,1.51,-5.88,234.64,-30.00,30.00,30.00,-30.00,
5.21,1.74,-1.84,234.64,-30.00,30.00,30.00,-30.00,
5.72,1.88,2.08,234.64,-30.00,30.00,30.00,-30.00,
6.24,2.01,5.96,234.64,-30.00,30.00,30.00,-30.00,
6.82,2.17,9.73,234.64,-30.00,30.00,30.00,-30.00,
7.35,2.29,13.44,234.64,-30.00,30.00,30.00,-30.00,
7.92,2.37,17.04,246.25,-30.00,30.00,30.00,-30.00,
8.63,2.45,20.58,246.25,-30.00,30.00,30.00,-30.00,
9.40,2.63,24.06,246.25,-30.00,30.00,30.00,-30.00,
10.15,2.81,27.46,246.25,-30.00,30.00,30.00,-30.00,
10.91,3.00,30.78,246.25,-30.00,30.00,30.00,-30.00,
11.77,3.26,33.95,240.37,-30.00,30.00,23.25,-30.00,
12.54,3.55,36.94,240.37,-30.00,30.00,25.13,-30.00,
13.24,3.78,39.67,240.37,-30.00,30.00,22.66,-30.00,
13.91,3.97,42.09,240.37,-30.00,30.00,18.39,-30.00,
14.50,4.27,44.23,240.37,-30.00,30.00,17.38,-30.00,
14.96,4.65,46.08,236.26,-30.00,30.00,18.65,-21.82,
15.33,5.01,47.56,236.26,-30.00,30.00,15.94,-16.39,
15.67,5.47,48.72,236.26,-30.00,30.00,12.94,-10.10,
16.09,6.67,50.15,236.26,-18.65,30.00,10.67,-2.45,
16.22,7.24,50.35,233.38,-13.64,30.00,7.68,-0.41,
16.19,7.92,50.24,233.38,-6.61,30.00,7.95,3.42,
16.01,8.56,49.84,233.38,-1.76,19.84,7.80,5.37,
15.74,9.20,49.14,233.38,1.82,14.64,6.46,8.24,
15.24,9.82,48.18,233.38,8.24,10.97,8.30,10.89,
14.62,10.45,46.99,237.37,13.24,7.93,7.85,13.35,
13.86,10.94,45.60,237.37,21.05,3.69,8.44,12.60,
13.02,11.41,44.09,237.37,30.00,2.32,8.47,14.20,
12.03,11.82,42.48,237.37,30.00,0.34,10.10,14.11,
11.00,12.02,40.75,237.37,30.00,-3.75,9.21,11.15,
9.93,12.22,38.92,238.16,30.00,-4.87,8.71,12.60,
8.84,12.27,36.98,238.16,30.00,-8.75,7.83,10.89,
6.91,12.04,32.63,238.16,30.00,-18.21,2.36,11.13,
5.98,11.71,30.22,238.16,30.00,-30.00,0.40,9.19,
5.15,11.26,27.64,236.71,30.00,-30.00,-2.71,9.29,
4.34,10.81,24.91,236.71,30.00,-30.00,-4.56,11.30,
3.51,10.28,22.04,236.71,30.00,-30.00,-5.88,11.86,
2.72,9.66,19.05,236.71,30.00,-30.00,-8.41,11.82,
2.02,9.01,15.94,236.71,30.00,-30.00,-11.83,13.02,
1.43,8.39,12.78,236.71,30.00,-30.00,-16.42,15.57,
0.91,7.74,9.61,247.70,30.00,-30.00,-17.08,13.84,
0.44,7.10,6.42,247.70,30.00,-30.00,-19.98,14.87,
0.08,6.46,3.22,247.70,30.00,-30.00,-30.00,16.07,
-0.26,5.92,0.01,247.70,30.00,-30.00,-30.00,20.03,
-1.04,4.81,-6.46,241.39,30.00,-30.00,-30.00,25.95,
-1.31,4.29,-9.71,241.39,30.00,-30.00,-30.00,30.00,
-1.90,2.96,-19.24,241.39,30.00,-30.00,-30.00,30.00,
-1.91,2.43,-22.26,234.97,30.00,-30.00,-30.00,30.00,
-1.82,1.95,-25.12,234.97,30.00,-30.00,-30.00,30.00,
-1.76,1.47,-27.81,234.97,30.00,-30.00,-30.00,30.00,
-1.69,0.99,-30.32,234.97,30.00,-30.00,-30.00,27.36,
-1.47,0.46,-32.60,234.97,30.00,-30.00,-30.00,19.42,
-1.24,0.01,-34.61,232.48,30.00,-30.00,-30.00,18.50,
-1.02,-0.41,-36.33,232.48,23.58,-30.00,-30.00,15.56,
-0.72,-0.85,-37.72,232.48,14.52,-30.00,-30.00,11.04,
-0.31,-1.26,-38.78,232.48,8.51,-30.00,-30.00,8.52,
0.12,-1.55,-39.45,232.48,4.64,-24.43,-30.00,7.30,
0.54,-1.82,-39.73,230.74,1.79,-15.86,-21.39,4.19,
1.04,-2.03,-39.61,230.74,-2.42,-9.67,-16.97,1.86,
1.45,-2.20,-39.11,230.74,-4.38,-4.91,-9.64,-0.46,
1.94,-2.40,-38.27,230.74,-8.99,-2.46,-7.53,-3.64,
2.34,-2.52,-37.09,230.74,-11.03,1.50,-2.70,-5.50,
2.75,-2.64,-35.63,235.52,-14.45,3.74,-0.56,-8.03,
3.07,-2.71,-33.95,235.52,-15.15,6.77,2.69,-9.40,
3.40,-2.83,-32.09,235.52,-19.36,8.09,4.27,-12.91,
3.63,-2.86,-30.05,235.52,-19.79,12.03,7.84,-13.57,
3.86,-2.90,-27.90,235.52,-23.23,13.70,9.33,-15.73,
4.02,-2.80,-25.64,238.86,-22.16,19.13,12.09,-13.80,
4.15,-2.70,-23.32,238.86,-23.32,22.03,14.13,-14.76,
4.26,-2.40,-20.89,238.86,-27.55,30.00,17.09,-12.12,
4.37,-2.11,-18.37,238.86,-30.00,30.00,19.30,-13.69,
4.53,-1.69,-15.74,238.86,-30.00,30.00,20.23,-12.66,
4.70,-1.23,-13.03,239.20,-30.00,30.00,23.09,-13.59,
5.49,-0.20,-4.78,239.20,-30.00,30.00,20.63,-20.76,
5.71,0.08,-2.07,239.20,-30.00,30.00,28.04,-22.77,
5.90,0.27,0.56,233.44,-30.00,30.00,30.00,-30.00,
6.11,0.39,3.11,233.44,-30.00,30.00,30.00,-30.00,
6.28,0.62,5.55,233.44,-30.00,30.00,30.00,-26.20,
6.41,0.84,7.88,233.44,-30.00,30.00,30.00,-23.98,
6.54,1.02,10.01,233.44,-30.00,30.00,24.72,-22.37,
6.73,1.19,11.90,231.41,-30.00,30.00,18.13,-18.69,
6.85,1.45,13.55,231.41,-30.00,30.00,16.84,-12.82,
6.90,1.75,14.90,231.41,-18.17,30.00,14.71,-8.88,
6.96,1.95,15.87,231.41,-12.91,17.03,10.37,-7.40,
6.95,2.25,16.51,231.41,-7.97,15.12,8.28,-2.83,
6.87,2.46,16.78,233.99,-3.32,8.41,6.05,-1.36,
6.74,2.72,16.72,233.99,-0.17,6.41,4.05,1.85,
6.55,2.87,16.32,233.99,3.49,1.56,2.35,2.67,
6.33,3.02,15.69,233.99,5.92,0.00,0.90,4.85,
6.00,3.17,14.84,233.99,10.55,-1.87,0.78,6.93,
5.69,3.21,13.75,235.79,12.46,-5.79,-1.50,6.94,
5.31,3.25,12.49,235.79,17.29,-7.43,-1.76,8.88,
4.94,3.11,11.02,235.79,21.88,-13.83,-3.74,7.88,
4.51,2.97,9.38,235.79,30.00,-16.69,-4.47,9.66,
4.04,2.66,7.55,235.79,30.00,-30.00,-5.81,8.65,
3.56,2.29,5.55,237.05,30.00,-30.00,-7.34,9.45,
3.04,1.93,3.39,237.05,30.00,-30.00,-8.35,11.94,
2.44,1.57,1.07,237.05,30.00,-30.00,-9.00,14.03,
1.78,1.12,-1.41,237.05,30.00,-30.00,-9.72,14.86,
1.12,0.66,-4.06,237.05,30.00,-30.00,-12.17,17.65,
0.53,0.18,-6.84,233.94,30.00,-30.00,-17.52,21.60,
-0.04,-0.19,-9.75,233.94,30.00,-30.00,-21.53,30.00,
-0.55,-0.54,-12.75,233.94,30.00,-30.00,-30.00,30.00,
-0.95,-0.94,-15.83,233.94,30.00,-30.00,-30.00,30.00,
-1.12,-1.30,-18.97,233.94,30.00,-30.00,-30.00,30.00,
-1.26,-1.62,-22.13,229.76,30.00,-30.00,-30.00,30.00,
-1.35,-1.97,-25.32,229.76,30.00,-30.00,-30.00,30.00,
-1.33,-2.38,-28.53,229.76,30.00,-30.00,-30.00,30.00,
-1.26,-2.74,-31.76,229.76,30.00,-30.00,-30.00,30.00,
-1.21,-3.03,-34.97,229.76,30.00,-30.00,-30.00,30.00,
-1.17,-3.31,-38.15,229.76,30.00,-30.00,-30.00,30.00,
-1.06,-3.62,-41.27,242.83,30.00,-30.00,-30.00,30.00,
-0.92,-3.84,-44.29,242.83,30.00,-30.00,-30.00,30.00,
-0.76,-4.01,-47.21,242.83,30.00,-30.00,-30.00,30.00,
-0.60,-4.10,-49.95,242.83,30.00,-30.00,-30.00,30.00,
-0.39,-4.18,-52.53,242.83,30.00,-30.00,-30.00,30.00,
-0.11,-4.16,-54.92,235.98,30.00,-30.00,-30.00,30.00,
0.13,-4.00,-57.09,235.98,30.00,-30.00,-30.00,30.00,
0.34,-3.77,-59.02,235.98,30.00,-30.00,-30.00,30.00,
0.55,-3.54,-60.70,235.98,30.00,-30.00,-30.00,30.00,
0.76,-3.25,-62.12,235.98,30.00,-24.36,-30.00,30.00,
0.96,-2.84,-63.21,233.19,21.45,-14.29,-30.00,30.00,
1.13,-2.41,-63.99,233.19,17.21,-10.36,-30.00,30.00,
1.32,-2.03,-64.47,233.19,12.30,-8.38,-30.00,30.00,
1.57,-1.67,-64.63,233.19,7.92,-5.70,-21.53,30.00,
1.82,-1.24,-64.42,233.19,4.52,-1.72,-14.88,20.92,
2.12,-0.98,-63.88,233.23,0.91,-1.48,-12.06,11.18,
2.47,-0.70,-63.02,233.23,-2.20,1.11,-9.23,7.81,
2.81,-0.54,-61.87,233.23,-4.53,1.68,-6.02,3.02,
3.15,-0.37,-60.41,233.23,-7.74,4.57,-3.30,0.60,
3.53,-0.34,-58.72,233.23,-11.05,4.46,-1.70,-3.46,
3.90,-0.28,-56.74,237.26,-14.35,7.77,0.73,-5.41,
4.25,-0.21,-54.47,237.26,-18.68,10.97,3.44,-8.36,
4.71,-0.18,-51.93,237.26,-30.00,14.09,4.28,-12.44,
5.09,-0.07,-49.08,237.26,-30.00,23.18,9.09,-15.37,
5.55,-0.01,-45.96,237.26,-30.00,30.00,10.79,-22.94,
6.11,0.16,-42.54,238.08,-30.00,30.00,12.45,-30.00,
6.60,0.38,-38.90,238.08,-30.00,30.00,18.64,-30.00,
7.09,0.53,-35.09,238.08,-30.00,30.00,23.76,-30.00,
7.62,0.62,-31.20,238.08,-30.00,30.00,28.11,-30.00,
8.11,0.66,-27.27,238.08,-30.00,30.00,30.00,-30.00,
8.54,0.63,-23.35,232.66,-30.00,30.00,30.00,-30.00,
8.89,0.52,-19.52,232.66,-30.00,30.00,30.00,-30.00,
9.11,0.31,-15.84,232.66,-30.00,30.00,30.00,-30.00,
9.31,0.04,-12.27,232.66,-30.00,30.00,30.00,-30.00,
9.42,-0.14,-8.83,232.66,-30.00,30.00,30.00,-30.00,
9.42,-0.31,-5.54,230.86,-30.00,30.00,30.00,-30.00,
9.35,-0.45,-2.41,230.86,-30.00,30.00,30.00,-30.00,
9.30,-0.52,0.59,230.86,-30.00,30.00,30.00,-30.00,
9.22,-0.47,3.44,230.86,-30.00,30.00,30.00,-30.00,
9.12,-0.36,6.09,230.86,-30.00,30.00,30.00,-30.00,
9.02,-0.24,8.49,227.60,-30.00,30.00,30.00,-30.00,
8.97,-0.10,10.61,227.60,-30.00,30.00,30.00,-30.00,
8.90,0.15,12.45,227.60,-23.74,30.00,30.00,-16.24,
8.82,0.43,14.02,227.60,-18.00,30.00,27.06,-12.12,
8.69,0.67,15.26,227.60,-12.06,26.96,20.03,-9.55,
8.49,1.04,16.16,231.32,-6.79,22.53,15.80,-3.75,
8.27,1.39,16.72,231.32,-3.45,15.85,12.22,-1.32,
7.97,1.89,17.01,231.32,-0.28,15.84,10.78,2.70,
7.64,2.35,16.98,231.32,2.69,10.98,8.29,4.80,
7.25,2.90,16.67,231.32,6.15,9.87,6.58,9.38,
6.76,3.36,16.05,235.93,10.75,4.72,5.11,10.24,
6.27,3.79,15.13,235.93,14.80,1.65,2.73,12.97,
5.61,4.12,13.90,235.93,30.00,-2.13,2.62,14.97,
4.95,4.33,12.35,235.93,30.00,-6.90,0.23,16.62,
4.13,4.45,10.52,235.93,30.00,-12.07,0.08,18.79,
2.34,4.29,6.07,235.15,30.00,-30.00,-3.09,20.89,
1.39,4.10,3.51,235.15,30.00,-30.00,-4.59,24.88,
0.36,3.86,0.75,235.15,30.00,-30.00,-5.23,30.00,
-0.71,3.53,-2.19,235.15,30.00,-30.00,-6.59,30.00,
-2.63,2.53,-8.52,232.60,30.00,-30.00,-14.21,30.00,
-3.59,1.92,-11.88,232.60,30.00,-30.00,-16.74,30.00,
-4.48,1.13,-15.39,232.60,30.00,-30.00,-24.11,30.00,
-5.25,0.20,-19.01,232.60,30.00,-30.00,-30.00,30.00,
-5.92,-0.78,-22.74,228.82,30.00,-30.00,-30.00,30.00,
-6.53,-1.80,-26.54,228.82,30.00,-30.00,-30.00,30.00,
-7.06,-2.89,-30.35,228.82,30.00,-30.00,-30.00,30.00,
-7.39,-4.05,-34.15,228.82,30.00,-30.00,-30.00,30.00,
-7.52,-5.21,-37.89,228.82,30.00,-30.00,-30.00,30.00,
-7.55,-6.21,-41.52,226.18,30.00,-30.00,-30.00,30.00,
-7.44,-7.13,-45.03,226.18,30.00,-30.00,-30.00,30.00,
-7.16,-8.00,-48.42,226.18,30.00,-30.00,-30.00,30.00,
-6.76,-8.73,-51.63,226.18,30.00,-30.00,-30.00,30.00,
-6.29,-9.25,-54.70,226.18,30.00,-30.00,-30.00,30.00,
-5.79,-9.61,-57.59,226.32,30.00,-30.00,-30.00,30.00,
-5.24,-9.85,-60.27,226.32,30.00,-30.00,-30.00,30.00,
-4.60,-9.98,-62.75,226.32,30.00,-30.00,-30.00,30.00,
-3.93,-9.93,-65.00,226.32,30.00,-30.00,-30.00,30.00,
-3.26,-9.73,-66.97,226.32,26.47,-30.00,-30.00,30.00,
-2.60,-9.46,-68.67,226.32,19.80,-30.00,-30.00,30.00,
-1.96,-9.16,-70.07,238.43,13.20,-26.77,-30.00,30.00,
-1.36,-8.75,-71.16,238.43,10.86,-15.40,-30.00,30.00,
-0.85,-8.28,-71.94,238.43,9.82,-10.62,-30.00,30.00,
-0.42,-7.80,-72.43,238.43,8.60,-7.75,-30.00,30.00,
0.01,-7.28,-72.60,238.43,5.74,-4.37,-30.00,30.00,
0.40,-6.73,-72.46,234.90,4.07,-1.50,-24.47,30.00,
0.75,-6.24,-72.01,234.90,2.19,0.00,-16.10,21.57,
1.12,-5.68,-71.24,234.90,-0.74,3.51,-12.52,17.59,
1.46,-5.16,-70.14,234.90,-2.66,5.62,-7.87,11.63,
1.89,-4.68,-68.74,234.90,-7.09,8.11,-6.54,7.54,
2.26,-4.18,-67.01,238.43,-9.28,11.79,-2.63,4.49,
2.73,-3.76,-64.98,238.43,-15.12,14.03,-1.44,0.85,
3.23,-3.30,-62.62,238.43,-23.00,20.80,0.76,-1.42,
3.77,-2.91,-59.94,238.43,-30.00,30.00,2.82,-5.25,
4.35,-2.50,-56.96,238.43,-30.00,30.00,5.17,-7.95,
4.89,-2.09,-53.71,238.90,-30.00,30.00,8.62,-11.37,
5.42,-1.78,-50.21,238.90,-30.00,30.00,12.26,-18.13,
6.02,-1.46,-46.47,238.90,-30.00,30.00,14.57,-25.72,
6.59,-1.18,-42.54,238.90,-30.00,30.00,19.39,-30.00,
7.11,-1.00,-38.48,238.90,-30.00,30.00,28.49,-30.00,
7.65,-0.95,-34.37,235.23,-30.00,30.00,30.00,-30.00,
8.19,-0.98,-30.23,235.23,-30.00,30.00,30.00,-30.00,
8.72,-1.02,-26.08,235.23,-30.00,30.00,30.00,-30.00,
9.15,-1.15,-21.96,235.23,-30.00,30.00,30.00,-30.00,
9.53,-1.40,-17.89,235.23,-30.00,30.00,30.00,-30.00,
9.94,-1.64,-13.86,230.66,-30.00,30.00,30.00,-30.00,
10.24,-1.88,-9.87,230.66,-30.00,30.00,30.00,-30.00,
10.48,-2.12,-5.94,230.66,-30.00,30.00,30.00,-30.00,
10.69,-2.38,-2.08,230.66,-30.00,30.00,30.00,-30.00,
10.88,-2.58,1.72,230.66,-30.00,30.00,30.00,-30.00,
11.04,-2.68,5.43,230.66,-30.00,30.00,30.00,-30.00,
11.14,-2.75,9.02,243.46,-30.00,30.00,30.00,-30.00,
11.21,-2.85,12.46,243.46,-30.00,30.00,30.00,-30.00,
11.31,-2.99,15.71,243.46,-30.00,30.00,30.00,-30.00,
11.38,-3.05,18.79,243.46,-30.00,30.00,30.00,-30.00,
11.33,-3.11,21.64,243.46,-30.00,30.00,30.00,-30.00,
11.24,-3.16,24.29,236.42,-30.00,30.00,30.00,-30.00,
11.17,-3.20,26.68,236.42,-30.00,30.00,30.00,-30.00,
11.01,-3.17,28.87,236.42,-30.00,30.00,30.00,-30.00,
10.80,-3.12,30.84,236.42,-26.79,30.00,30.00,-30.00,
10.55,-3.09,32.57,236.42,-18.90,30.00,30.00,-30.00,
10.30,-3.07,34.04,233.50,-15.94,30.00,30.00,-26.45,
9.99,-2.95,35.28,233.50,-11.77,30.00,30.00,-16.76,
9.63,-2.84,36.29,233.50,-8.36,21.18,30.00,-14.33,
9.31,-2.75,37.05,233.50,-7.04,16.48,27.55,-11.53,
8.91,-2.61,37.61,233.50,-3.85,15.07,27.58,-8.64,
8.51,-2.54,37.97,235.45,-2.36,10.83,19.95,-7.80,
7.98,-2.38,38.16,235.45,0.82,10.91,22.29,-4.78,
7.36,-2.27,38.16,235.45,3.49,7.96,22.00,-4.16,
5.92,-1.95,37.78,235.45,8.29,5.66,21.83,-1.80,
5.09,-1.79,37.40,238.81,10.73,5.20,21.11,-0.23,
4.17,-1.72,36.87,238.81,14.68,2.49,21.73,-0.48,
3.30,-1.73,36.21,238.81,15.12,0.27,17.08,-0.67,
2.36,-1.85,35.39,238.81,20.47,-2.49,16.49,-0.82,
1.45,-2.00,34.43,238.81,22.61,-4.20,13.58,-0.22,
0.54,-2.27,33.31,241.17,28.88,-7.52,11.37,-0.56,
-0.28,-2.57,32.04,241.17,27.53,-9.84,7.58,0.28,
-1.10,-2.93,30.63,241.17,30.00,-12.99,6.29,0.45,
-1.76,-3.37,29.10,241.17,28.72,-16.89,2.69,0.49,
-2.39,-3.77,27.47,241.17,30.00,-17.67,1.25,1.84,
-2.99,-4.22,25.78,242.82,30.00,-20.91,0.16,1.89,
-3.47,-4.61,24.03,242.82,24.31,-20.11,-2.14,3.41,
-3.90,-4.96,22.26,242.82,23.32,-19.57,-3.33,4.63,
-4.18,-5.26,20.44,242.82,18.73,-19.70,-6.20,5.76,
-4.45,-5.48,18.60,242.82,19.39,-17.63,-6.96,7.87,
-4.58,-5.72,16.69,241.97,17.02,-20.70,-10.45,8.41,
-4.81,-5.92,12.66,241.97,18.74,-18.74,-14.51,14.50,
-4.96,-5.91,10.51,241.97,25.31,-18.27,-14.36,18.79,
-5.06,-5.92,8.21,241.97,30.00,-22.63,-18.31,22.05,
-5.15,-5.81,5.83,243.38,30.00,-19.83,-20.79,30.00,
-5.20,-5.74,3.37,243.38,30.00,-25.25,-26.84,30.00,
-5.18,-5.69,0.83,243.38,30.00,-30.00,-30.00,30.00,
-5.07,-5.56,-1.73,243.38,30.00,-30.00,-30.00,30.00,
-4.71,-5.25,-6.86,220.37,30.00,-30.00,-30.00,30.00,
-3.89,-4.78,-14.69,220.37,30.00,-30.00,-30.00,30.00,
-3.59,-4.54,-17.29,220.37,30.00,-30.00,-30.00,30.00,
-3.23,-4.37,-19.87,218.26,30.00,-30.00,-30.00,30.00,
-2.84,-4.17,-22.36,218.26,30.00,-30.00,-30.00,30.00,
-2.44,-3.89,-24.77,218.26,30.00,-30.00,-30.00,30.00,
-2.08,-3.63,-27.04,218.26,30.00,-30.00,-30.00,30.00,
-1.73,-3.38,-29.23,218.26,30.00,-30.00,-30.00,30.00,
-1.38,-3.10,-31.30,220.78,30.00,-30.00,-30.00,30.00,
-1.04,-2.75,-33.29,220.78,30.00,-30.00,-30.00,30.00,
-0.80,-2.34,-35.18,220.78,30.00,-22.58,-30.00,30.00,
-0.57,-1.97,-36.99,220.78,30.00,-23.51,-30.00,30.00,
-0.34,-1.58,-38.69,220.78,30.00,-20.10,-30.00,30.00,
-0.09,-1.16,-40.32,220.78,30.00,-17.95,-30.00,30.00,
0.05,-0.74,-41.81,236.55,22.53,-13.30,-30.00,30.00,
0.24,-0.35,-43.21,236.55,18.79,-13.09,-30.00,30.00,
0.46,0.06,-44.50,236.55,16.78,-11.76,-30.00,30.00,
0.58,0.51,-45.65,236.55,18.00,-9.63,-30.00,30.00,
0.78,0.87,-46.71,236.55,14.66,-10.72,-30.00,30.00,
0.99,1.23,-47.63,233.58,13.01,-9.81,-30.00,30.00,
1.21,1.62,-48.43,233.58,11.81,-8.18,-30.00,30.00,
1.38,2.00,-49.09,233.58,11.31,-7.08,-22.39,30.00,
1.65,2.33,-49.60,233.58,7.96,-6.66,-23.87,30.00,
1.87,2.68,-49.98,233.58,7.78,-5.50,-18.66,24.82,
2.12,2.92,-50.27,235.51,6.10,-6.29,-17.93,17.59,
2.38,3.18,-50.42,235.51,4.91,-4.90,-15.82,15.84,
2.73,3.38,-50.48,235.51,2.79,-5.12,-17.17,13.15,
3.42,3.74,-50.27,235.51,0.60,-4.66,-15.32,9.14,
3.84,3.90,-49.98,240.86,-0.83,-2.74,-13.17,7.93,
4.28,3.94,-49.58,240.86,-2.01,-3.61,-12.41,4.95,
4.75,4.03,-49.03,240.86,-3.72,-1.64,-11.34,4.48,
5.23,4.05,-48.34,240.86,-4.98,-1.74,-9.96,2.15,
5.76,4.06,-47.48,240.86,-7.49,-0.45,-9.09,0.73,
6.24,4.03,-46.43,240.60,-8.45,0.40,-6.28,-1.27,
6.76,4.05,-45.19,240.60,-11.34,2.73,-5.08,-2.04,
7.20,4.12,-43.68,240.60,-12.96,5.78,-1.77,-3.46,
7.71,4.27,-41.91,240.60,-19.05,9.84,-0.59,-4.63,
8.12,4.46,-39.84,240.60,-21.63,14.69,3.30,-6.67,
8.58,4.67,-37.50,244.42,-30.00,18.99,4.75,-9.09,
8.93,4.79,-34.92,244.42,-30.00,21.00,9.03,-13.79,
9.30,4.85,-32.15,244.42,-30.00,24.31,11.06,-18.93,
9.67,4.84,-29.16,244.42,-30.00,30.00,14.07,-30.00,
9.98,4.74,-26.00,244.42,-30.00,30.00,19.24,-30.00,
10.28,4.57,-22.67,241.09,-30.00,30.00,28.09,-30.00,
10.60,4.37,-19.11,241.09,-30.00,30.00,30.00,-30.00,
10.85,4.25,-15.36,241.09,-30.00,30.00,30.00,-30.00,
11.03,4.05,-11.49,241.09,-30.00,30.00,30.00,-30.00,
11.16,3.72,0.44,236.77,-30.00,30.00,30.00,-30.00,
10.99,3.57,4.35,236.77,-30.00,30.00,30.00,-30.00,
10.80,3.44,8.19,236.77,-30.00,30.00,30.00,-30.00,
10.51,3.35,11.97,236.77,-30.00,30.00,30.00,-30.00,
10.11,3.25,15.69,233.74,-30.00,30.00,30.00,-30.00,
9.70,3.07,19.30,233.74,-30.00,30.00,30.00,-30.00,
9.31,2.92,22.83,233.74,-30.00,30.00,30.00,-30.00,
8.87,2.83,26.25,233.74,-30.00,30.00,30.00,-30.00,
8.42,2.76,29.59,233.74,-30.00,30.00,30.00,-30.00,
7.67,2.66,35.78,231.62,-30.00,30.00,30.00,-30.00,
7.28,2.77,38.67,231.62,-30.00,30.00,30.00,-30.00,
6.93,2.89,41.40,231.62,-30.00,30.00,30.00,-30.00,
6.61,3.08,43.95,231.62,-30.00,30.00,30.00,-30.00,
6.25,3.39,46.33,230.13,-30.00,30.00,30.00,-30.00,
5.83,3.80,48.53,230.13,-30.00,30.00,30.00,-30.00,
5.40,4.16,50.54,230.13,-30.00,30.00,30.00,-30.00,
5.03,4.51,52.34,230.13,-30.00,30.00,30.00,-30.00,
4.63,4.95,53.96,230.13,-21.43,30.00,30.00,-19.63,
4.16,5.35,55.34,229.09,-15.32,30.00,30.00,-17.65,
3.80,5.68,56.50,229.09,-15.62,30.00,30.00,-16.66,
3.43,6.06,57.47,229.09,-13.07,30.00,30.00,-12.71,
3.03,6.44,58.26,229.09,-10.25,30.00,30.00,-10.64,
2.67,6.73,58.83,229.09,-9.01,30.00,30.00,-10.57,
2.37,6.97,59.17,228.36,-7.89,26.52,30.00,-9.11,
2.05,7.22,59.35,228.36,-5.97,21.47,26.47,-7.37,
1.75,7.33,59.35,228.36,-4.89,13.30,19.25,-8.46,
1.46,7.41,59.19,228.36,-3.38,10.79,16.40,-7.15,
1.16,7.40,58.89,228.36,-2.22,7.22,14.31,-7.71,
0.68,7.13,57.90,233.85,-0.61,1.68,9.46,-8.02,
0.44,6.95,57.27,233.85,-0.16,1.10,8.16,-6.94,
0.17,6.74,56.54,233.85,0.95,-0.14,7.59,-6.56,
-0.01,6.42,55.70,233.85,0.65,-2.73,4.96,-7.42,
-0.20,6.15,54.76,235.70,1.58,-2.80,3.99,-5.33,
-0.27,5.79,53.70,235.70,0.91,-5.36,1.22,-5.73,
-0.32,5.52,52.54,235.70,1.54,-5.06,-0.09,-3.22,
-0.29,5.15,51.22,235.70,1.70,-8.28,-2.56,-3.23,
-0.28,4.92,49.77,235.70,3.17,-7.40,-3.72,-0.00,
-0.25,4.60,48.12,238.99,4.70,-10.95,-5.55,0.39,
-0.20,4.31,46.30,238.99,5.97,-12.71,-7.80,2.20,
-0.22,4.07,44.32,238.99,9.10,-13.99,-8.20,4.36,
-0.17,3.76,42.17,238.99,9.84,-18.85,-11.86,5.22,
-0.16,3.51,39.91,238.99,12.16,-19.71,-12.94,7.50,
-0.04,3.21,37.54,241.29,11.51,-25.63,-17.23,7.82,
0.08,2.98,35.12,241.29,12.15,-23.92,-19.16,9.94,
0.35,2.71,32.66,241.29,10.30,-30.00,-30.00,10.34,
0.68,2.47,30.20,241.29,9.56,-30.00,-30.00,11.19,
0.98,2.22,27.76,241.29,10.31,-30.00,-30.00,11.32,
1.35,1.93,25.31,240.90,9.55,-30.00,-30.00,11.27,
1.73,1.74,22.88,240.90,9.64,-30.00,-30.00,13.72,
2.03,1.59,20.43,240.90,11.93,-30.00,-30.00,15.87,
2.27,1.42,17.94,240.90,14.73,-30.00,-30.00,16.44,
2.49,1.27,15.40,240.90,16.39,-30.00,-30.00,18.67,
2.71,1.14,12.79,236.63,19.40,-30.00,-30.00,23.25,
2.87,1.04,10.15,236.63,24.62,-30.00,-30.00,30.00,
3.02,0.87,7.46,236.63,30.00,-30.00,-30.00,30.00,
3.18,0.76,4.75,236.63,30.00,-30.00,-30.00,30.00,
3.29,0.71,2.07,236.63,30.00,-30.00,-30.00,30.00,
3.32,0.67,-0.59,233.64,30.00,-30.00,-30.00,30.00,
3.27,0.51,-5.95,233.64,30.00,-30.00,-30.00,30.00,
3.22,0.54,-8.63,233.64,30.00,-30.00,-30.00,30.00,
3.04,0.58,-11.32,233.64,30.00,-30.00,-30.00,30.00,
2.87,0.60,-14.02,231.55,30.00,-30.00,-30.00,30.00,
2.69,0.67,-16.69,231.55,30.00,-30.00,-30.00,30.00,
2.49,0.81,-19.30,231.55,30.00,-30.00,-30.00,30.00,
2.24,1.00,-21.88,231.55,30.00,-30.00,-30.00,30.00,
1.96,1.41,-26.82,228.09,30.00,-30.00,-30.00,30.00,
1.85,1.71,-29.15,228.09,30.00,-30.00,-30.00,30.00,
1.69,1.99,-31.38,228.09,30.00,-30.00,-30.00,30.00,
1.60,2.21,-33.56,228.09,30.00,-30.00,-30.00,30.00,
1.55,2.42,-35.66,228.09,30.00,-30.00,-30.00,30.00,
1.49,2.71,-37.65,228.09,30.00,-30.00,-30.00,30.00,
1.43,2.90,-39.56,241.66,30.00,-30.00,-30.00,30.00,
1.43,3.07,-41.39,241.66,30.00,-30.00,-30.00,30.00,
1.51,3.21,-43.10,241.66,30.00,-27.94,-30.00,30.00,
1.58,3.45,-44.67,241.66,30.00,-19.40,-30.00,30.00,
1.64,3.65,-46.13,241.66,26.53,-19.60,-30.00,30.00,
1.80,3.77,-47.49,237.16,20.91,-22.74,-30.00,30.00,
2.01,3.93,-48.77,237.16,18.29,-19.66,-30.00,30.00,
2.15,4.16,-49.91,237.16,18.18,-15.75,-30.00,30.00,
2.34,4.26,-50.93,237.16,15.41,-17.93,-30.00,30.00,
2.59,4.36,-51.80,237.16,12.11,-16.16,-30.00,23.82,
2.80,4.51,-52.53,234.01,12.00,-13.27,-30.00,25.22,
3.00,4.58,-53.09,234.01,10.50,-13.66,-23.40,17.61,
3.32,4.65,-53.48,234.01,6.45,-11.51,-25.63,15.02,
3.60,4.73,-53.64,234.01,5.27,-8.89,-17.98,12.46,
3.93,4.82,-53.56,234.01,2.50,-6.58,-16.02,9.99,
4.27,4.78,-53.28,235.81,0.70,-6.76,-13.08,5.45,
4.66,4.75,-52.78,235.81,-1.60,-4.65,-11.39,3.63,
4.99,4.67,-52.04,235.81,-2.54,-3.46,-7.62,0.99,
5.42,4.52,-51.09,235.81,-6.23,-2.83,-7.65,-1.65,
5.74,4.44,-49.87,235.81,-6.78,0.62,-2.93,-2.75,
6.14,4.29,-48.38,239.07,-10.84,1.46,-1.94,-6.26,
6.50,4.22,-46.59,239.07,-14.01,5.30,0.85,-7.80,
6.87,4.12,-44.54,239.07,-18.68,7.44,3.01,-11.45,
7.15,4.02,-42.24,239.07,-20.57,10.39,6.98,-14.79,
7.47,3.89,-39.77,239.07,-30.00,11.97,8.06,-19.28,
7.70,3.85,-37.12,241.35,-30.00,16.80,12.04,-19.65,
7.95,3.70,-34.35,241.35,-30.00,16.34,13.79,-30.00,
8.16,3.53,-31.48,241.35,-30.00,18.00,16.58,-30.00,
8.85,3.29,-8.52,236.94,-30.00,30.00,30.00,-30.00,
8.86,3.32,-5.05,233.86,-30.00,30.00,30.00,-30.00,
8.91,3.40,-1.55,233.86,-30.00,30.00,30.00,-30.00,
8.92,3.57,2.02,233.86,-30.00,30.00,30.00,-30.00,
8.91,3.81,5.59,233.86,-30.00,30.00,30.00,-30.00,
8.97,4.03,9.16,233.86,-30.00,30.00,30.00,-30.00,
9.05,4.30,12.74,231.70,-30.00,30.00,30.00,-30.00,
9.11,4.64,16.32,231.70,-30.00,30.00,30.00,-30.00,
9.14,4.97,19.87,231.70,-30.00,30.00,30.00,-30.00,
9.23,5.24,23.37,231.70,-30.00,30.00,30.00,-30.00,
9.38,5.54,26.81,231.70,-30.00,30.00,30.00,-30.00,
9.54,5.95,30.17,228.19,-30.00,30.00,30.00,-30.00,
9.67,6.41,33.45,228.19,-30.00,30.00,30.00,-30.00,
9.87,6.79,36.53,228.19,-30.00,30.00,30.00,-30.00,
10.10,7.22,39.48,228.19,-30.00,30.00,30.00,-30.00,
10.32,7.74,42.24,228.19,-30.00,30.00,30.00,-30.00,
10.46,8.25,44.81,227.73,-30.00,30.00,30.00,-30.00,
10.57,8.72,47.17,227.73,-30.00,30.00,30.00,-30.00,
10.58,10.82,54.16,225.41,-30.00,30.00,30.00,-14.01,
10.41,11.29,55.26,225.41,-22.71,30.00,30.00,-12.02,
10.20,11.77,56.10,225.41,-16.20,30.00,30.00,-9.07,
9.84,12.27,56.73,225.41,-9.25,30.00,30.00,-6.61,
9.37,12.73,57.15,225.41,-5.34,30.00,30.00,-5.29,
8.96,13.04,57.36,225.79,-4.39,26.05,30.00,-6.29,
8.44,13.31,57.42,225.79,-1.30,19.82,30.00,-5.65,
7.88,13.42,57.36,225.79,0.25,12.57,30.00,-7.57,
7.34,13.40,57.19,225.79,0.74,8.18,30.00,-9.15,
6.71,13.32,56.97,225.79,2.81,6.56,30.00,-9.65,
6.05,13.03,56.67,230.05,3.83,1.89,30.00,-13.46,
5.40,12.72,56.34,230.05,3.93,1.38,30.00,-13.25,
4.68,12.27,55.97,230.05,5.70,-1.09,30.00,-16.56,
4.01,11.80,55.52,230.05,5.40,-2.24,24.20,-16.11,
3.36,11.38,55.00,230.05,5.82,-1.98,20.90,-13.31,
2.84,10.89,54.33,233.04,4.79,-4.32,13.46,-12.75,
2.32,10.44,53.54,233.04,6.10,-4.76,11.74,-10.03,
1.54,9.63,51.48,233.04,6.69,-6.21,5.44,-4.99,
1.24,9.21,50.20,233.04,7.07,-9.44,2.34,-4.28,
1.02,8.87,48.79,237.13,6.94,-9.08,0.10,-1.72,
0.76,8.59,47.25,237.13,8.88,-9.45,-0.55,0.15,
0.63,8.27,45.59,237.13,8.24,-12.06,-3.57,0.81,
0.45,8.03,43.86,237.13,9.96,-11.29,-3.65,2.68,
0.38,7.68,42.05,237.13,9.09,-15.47,-6.28,1.87,
0.27,7.40,40.22,237.99,10.24,-14.13,-6.24,3.46,
0.19,7.03,38.29,237.99,11.05,-18.97,-7.98,3.06,
0.15,6.72,36.29,237.99,11.49,-18.98,-9.79,4.84,
0.12,6.34,34.17,237.99,13.20,-27.14,-11.67,5.11,
0.22,5.99,31.94,237.99,11.95,-30.00,-17.06,6.94,
0.32,5.63,29.61,240.59,13.03,-30.00,-19.06,7.90,
0.52,5.24,27.20,240.59,12.34,-30.00,-27.93,8.40,
0.81,4.94,24.74,240.59,11.68,-30.00,-30.00,11.44,
1.08,4.68,22.26,240.59,12.63,-30.00,-30.00,12.68,
1.35,4.36,19.73,240.59,13.71,-30.00,-30.00,12.78,
1.69,4.06,17.17,236.41,13.91,-30.00,-30.00,14.87,
1.97,3.81,14.60,236.41,16.25,-30.00,-30.00,17.35,
2.14,3.53,11.94,236.41,23.54,-30.00,-30.00,18.55,
2.28,3.21,9.26,236.41,30.00,-30.00,-30.00,18.78,
2.44,2.86,6.49,236.41,30.00,-30.00,-30.00,19.89,
2.56,2.55,3.70,233.49,30.00,-30.00,-30.00,26.63,
2.59,2.23,0.86,233.49,30.00,-30.00,-30.00,30.00,
2.58,1.84,-2.03,233.49,30.00,-30.00,-30.00,29.03,
2.61,1.45,-4.98,233.49,30.00,-30.00,-30.00,30.00,
2.61,1.14,-7.96,233.49,30.00,-30.00,-30.00,30.00,
2.57,0.88,-10.97,231.44,30.00,-30.00,-30.00,30.00,
2.55,0.62,-13.99,231.44,30.00,-30.00,-30.00,30.00,
2.53,0.44,-16.99,231.44,30.00,-30.00,-30.00,30.00,
2.57,0.37,-19.94,231.44,30.00,-30.00,-30.00,30.00,
2.54,0.37,-22.82,231.44,30.00,-30.00,-30.00,30.00,
2.47,0.38,-25.68,231.44,30.00,-30.00,-30.00,30.00,
2.42,0.44,-28.51,242.01,30.00,-30.00,-30.00,30.00,
2.32,0.60,-31.27,242.01,30.00,-30.00,-30.00,30.00,
2.15,0.81,-33.95,242.01,30.00,-30.00,-30.00,30.00,
1.97,0.97,-36.51,242.01,30.00,-30.00,-30.00,30.00,
1.90,1.15,-38.96,242.01,30.00,-30.00,-30.00,30.00,
1.87,1.40,-41.19,237.41,30.00,-30.00,-30.00,30.00,
1.90,1.72,-43.21,237.41,30.00,-30.00,-30.00,30.00,
1.96,1.99,-45.01,237.41,30.00,-24.94,-30.00,30.00,
2.08,2.31,-46.57,237.41,30.00,-18.36,-30.00,30.00,
2.26,2.67,-47.90,237.41,19.70,-14.05,-30.00,30.00,
2.41,3.04,-49.01,232.18,18.36,-12.16,-30.00,30.00,
2.54,3.37,-49.91,232.18,16.10,-10.85,-30.00,30.00,
2.73,3.66,-50.55,232.18,11.26,-9.18,-24.78,30.00,
2.94,3.98,-50.95,232.18,8.38,-6.20,-19.44,25.73,
3.10,4.26,-51.06,232.18,6.68,-4.57,-13.31,16.67,
3.35,4.57,-50.85,234.53,2.21,-1.26,-11.37,12.87,
3.54,4.83,-50.30,234.53,0.50,0.33,-6.76,7.84,
3.82,5.09,-49.37,234.53,-3.76,3.61,-4.68,4.52,
4.13,5.31,-48.09,234.53,-7.62,5.80,-2.28,0.79,
4.50,5.41,-46.45,234.53,-13.11,7.54,-0.14,-3.79,
4.89,5.49,-44.38,238.17,-20.06,11.25,2.89,-8.14,
5.38,5.47,-41.98,238.17,-30.00,13.25,4.31,-14.46,
5.84,5.44,-39.28,238.17,-30.00,18.22,7.84,-19.87,
6.30,5.27,-36.29,238.17,-30.00,19.05,11.21,-30.00,
6.79,5.02,-33.07,238.17,-30.00,22.24,14.15,-30.00,
7.21,4.81,-29.62,236.72,-30.00,30.00,21.77,-30.00,
7.59,4.49,-26.01,236.72,-30.00,30.00,30.00,-30.00,
7.95,4.12,-22.28,236.72,-30.00,30.00,30.00,-30.00,
8.33,3.68,-18.46,236.72,-30.00,30.00,30.00,-30.00,
8.67,3.27,-14.52,236.72,-30.00,30.00,30.00,-30.00,
8.93,2.87,-10.50,233.70,-30.00,30.00,30.00,-30.00,
9.18,2.44,-6.45,233.70,-30.00,30.00,30.00,-30.00,
9.46,2.02,-2.32,233.70,-30.00,30.00,30.00,-30.00,
9.74,1.76,1.82,233.70,-30.00,30.00,30.00,-30.00,
9.95,1.62,5.97,233.70,-30.00,30.00,30.00,-30.00,
10.15,1.51,10.07,229.59,-30.00,30.00,30.00,-30.00,
10.39,1.43,14.09,229.59,-30.00,30.00,30.00,-30.00,
10.64,1.50,18.04,229.59,-30.00,30.00,30.00,-30.00,
10.89,1.64,21.92,229.59,-30.00,30.00,30.00,-30.00,
11.09,1.80,25.70,229.59,-30.00,30.00,30.00,-30.00,
11.35,2.00,29.38,228.71,-30.00,30.00,30.00,-30.00,
11.68,2.26,33.02,228.71,-30.00,30.00,30.00,-30.00,
12.07,2.55,36.57,228.71,-30.00,30.00,30.00,-30.00,
12.52,2.78,40.03,228.71,-30.00,30.00,30.00,-30.00,
13.05,2.96,43.32,228.71,-30.00,30.00,30.00,-30.00,
13.64,3.17,46.46,228.10,-30.00,30.00,30.00,-30.00,
14.22,3.42,49.44,228.10,-30.00,30.00,30.00,-30.00,
14.71,3.73,52.21,228.10,-30.00,30.00,30.00,-30.00,
15.15,4.02,54.74,228.10,-30.00,30.00,30.00,-30.00,
15.60,4.31,57.02,228.10,-30.00,30.00,30.00,-30.00,
15.94,4.74,59.05,225.67,-30.00,30.00,30.00,-30.00,
16.19,5.11,60.83,225.67,-30.00,30.00,30.00,-30.00,
16.45,5.43,62.36,225.67,-30.00,30.00,30.00,-30.00,
16.64,5.80,63.63,225.67,-30.00,30.00,30.00,-21.19,
16.73,6.21,64.67,225.67,-30.00,30.00,30.00,-15.45,
16.73,6.64,65.45,225.97,-30.00,30.00,30.00,-11.72,
16.65,7.03,65.97,225.97,-18.39,30.00,27.82,-9.44,
16.54,7.50,66.21,225.97,-12.84,30.00,20.81,-5.29,
16.22,7.98,66.17,225.97,-5.52,30.00,23.67,-2.48,
15.80,8.43,65.88,225.97,-1.42,24.13,22.50,-1.02,
15.20,8.91,65.34,230.18,3.41,18.04,24.04,1.37,
14.53,9.26,64.59,230.18,6.58,11.04,20.86,1.19,
13.69,9.60,63.67,230.18,12.18,9.07,25.85,2.65,
12.80,9.76,62.58,230.18,16.17,3.78,22.64,1.20,
11.85,9.90,61.39,230.18,20.76,2.35,22.87,1.69,
10.85,9.87,60.09,235.12,24.37,-1.14,19.65,0.21,
9.78,9.80,58.74,235.12,30.00,-2.18,21.15,0.39,
8.72,9.57,57.35,235.12,30.00,-5.51,19.58,-1.65,
7.68,9.31,55.94,235.12,30.00,-6.35,17.67,-1.63,
6.59,9.00,54.51,235.12,30.00,-7.86,18.53,-2.02,
5.57,8.54,53.02,236.59,30.00,-11.39,14.95,-3.61,
4.65,8.11,51.48,236.59,30.00,-11.94,11.23,-2.50,
3.76,7.64,49.84,236.59,30.00,-14.38,9.31,-2.21,
3.05,7.07,48.06,236.59,30.00,-20.70,4.53,-2.29,
2.45,6.54,46.14,236.59,28.97,-22.75,1.47,-0.43,
1.17,5.09,39.27,237.61,30.00,-30.00,-7.82,6.39,
0.63,4.15,33.87,237.61,30.00,-30.00,-15.11,9.26,
0.49,3.69,30.97,232.33,30.00,-30.00,-23.66,12.37,
0.38,3.32,27.98,232.33,30.00,-30.00,-30.00,16.72,
0.20,3.01,24.93,232.33,30.00,-30.00,-30.00,21.52,
0.05,2.67,21.80,232.33,30.00,-30.00,-30.00,23.74,
0.01,2.31,18.65,232.33,30.00,-30.00,-30.00,24.73,
0.02,2.02,15.52,232.33,30.00,-30.00,-30.00,30.00,
0.16,1.54,9.48,244.63,30.00,-30.00,-30.00,24.67,
0.34,1.34,6.61,244.63,30.00,-30.00,-30.00,28.71,
0.50,1.26,3.85,244.63,30.00,-30.00,-30.00,30.00,
0.60,1.20,1.22,244.63,30.00,-30.00,-30.00,30.00,
0.67,1.13,-1.33,237.24,30.00,-30.00,-30.00,30.00,
0.72,1.04,-3.85,237.24,30.00,-30.00,-30.00,30.00,
0.76,1.01,-6.29,237.24,30.00,-30.00,-30.00,30.00,
0.79,1.07,-8.64,237.24,30.00,-30.00,-30.00,30.00,
0.78,1.14,-10.91,237.24,30.00,-30.00,-30.00,30.00,
0.85,1.22,-13.04,234.07,30.00,-30.00,-30.00,30.00,
0.97,1.37,-14.99,234.07,23.03,-21.19,-30.00,30.00,
1.04,1.60,-16.75,234.07,21.05,-15.41,-30.00,30.00,
1.14,1.78,-18.31,234.07,17.07,-14.73,-27.17,30.00,
1.34,1.92,-19.68,234.07,12.25,-13.74,-28.92,23.36,
1.42,2.12,-20.87,233.85,13.02,-10.27,-17.65,22.63,
1.50,2.24,-21.92,233.85,11.69,-10.83,-16.06,17.26,
1.54,2.36,-22.84,233.85,11.27,-9.41,-13.17,15.48,
1.60,2.49,-23.69,233.85,10.36,-8.99,-13.05,14.76,
1.63,2.67,-24.43,233.85,9.90,-7.08,-11.44,15.03,
1.76,2.78,-25.06,237.69,6.75,-6.92,-11.76,11.55,
1.88,3.02,-25.53,237.69,5.59,-3.75,-10.15,12.64,
2.01,3.21,-25.85,237.69,4.29,-3.39,-8.87,10.01,
2.16,3.49,-25.98,237.69,2.62,-0.61,-7.32,9.97,
2.35,3.67,-25.98,237.69,0.91,-1.06,-7.08,6.90,
2.54,3.88,-25.84,240.39,-0.06,0.22,-5.62,5.81,
2.71,4.04,-25.58,240.39,-0.57,0.47,-4.24,4.12,
2.92,4.09,-25.24,240.39,-1.74,-0.36,-4.20,1.92,
3.07,4.17,-24.80,240.39,-1.75,0.66,-2.56,1.45,
3.38,4.10,-23.76,240.27,-2.34,0.35,-1.36,-0.58,
3.43,3.99,-23.19,240.27,-1.41,-0.67,0.05,-2.15,
3.48,3.94,-22.57,240.27,-1.83,0.42,0.49,-1.90,
3.43,3.86,-21.92,240.27,-0.75,0.28,2.23,-2.73,
3.40,3.81,-21.26,240.27,-1.22,1.08,2.11,-2.26,
3.24,3.82,-20.59,242.19,0.43,1.84,4.08,-1.64,
3.13,3.74,-19.96,242.19,-0.13,0.39,3.09,-2.80,
2.93,3.74,-19.35,242.19,1.21,1.62,4.49,-1.43,
2.44,3.69,-18.31,242.19,3.00,1.17,4.93,-0.54,
2.11,3.69,-17.90,241.53,4.41,0.38,5.28,-0.36,
1.80,3.75,-17.54,241.53,4.38,0.84,4.53,0.71,
1.44,3.86,-17.23,241.53,5.42,1.26,4.87,1.74,
1.11,3.94,-17.00,241.53,5.65,0.29,3.93,1.80,
0.81,4.08,-16.82,241.53,5.60,0.92,3.23,3.10,
0.50,4.17,-16.70,241.07,6.19,-0.20,2.77,2.85,
0.25,4.30,-16.64,241.07,5.83,-0.15,1.61,3.79,
-0.03,4.42,-16.62,241.07,6.50,-0.45,1.76,3.91,
-0.47,4.64,-16.64,241.07,5.97,-0.45,0.90,4.38,
-0.61,4.71,-16.64,242.75,4.39,-1.33,-0.32,3.27,
-0.73,4.86,-16.58,242.75,3.55,0.17,-0.25,4.04,
-0.82,4.94,-16.49,242.75,2.91,-0.53,-0.40,2.77,
-0.84,4.97,-16.35,242.75,1.58,-0.93,-0.95,1.60,
-0.87,5.06,-16.17,242.75,1.31,0.27,-0.59,2.22,
-0.92,5.10,-15.96,239.93,1.50,-0.21,-0.02,1.29,
-0.92,5.02,-15.71,239.93,0.54,-1.48,-0.38,-0.53,
-0.93,5.00,-15.45,239.93,0.38,-0.68,-0.19,-0.11,
-1.04,4.90,-14.83,239.93,0.73,-1.03,0.98,-1.28,
-1.08,4.75,-14.46,233.95,-0.15,-1.53,1.14,-2.89,
-1.12,4.64,-14.03,233.95,-0.43,-0.54,1.65,-2.69,
-1.15,4.57,-13.55,233.95,-1.01,0.56,2.05,-2.52,
-1.19,4.52,-13.02,233.95,-1.39,1.22,2.66,-2.84,
-1.21,4.48,-12.41,233.95,-2.41,2.03,2.94,-3.33,
-1.23,4.51,-11.76,223.76,-3.11,4.00,3.75,-2.87,
-1.00,4.70,-9.57,223.76,-7.96,6.72,1.97,-2.99,
-0.78,4.75,-8.79,223.76,-9.64,6.23,1.30,-4.08,
-0.59,4.53,-8.01,210.63,-10.81,1.57,2.11,-11.61,
-0.46,4.35,-7.21,210.63,-9.40,2.62,3.70,-10.85,
-0.17,4.42,-6.42,210.63,-14.38,8.24,0.76,-5.04,
0.01,4.13,-5.62,210.63,-11.04,0.93,3.10,-14.52,
0.38,4.07,-4.80,210.63,-18.75,5.85,-0.23,-8.74,
0.67,3.75,-3.91,193.44,-22.84,1.89,2.70,-26.76,
1.10,3.48,-3.23,193.44,-30.00,0.77,-2.87,-16.30,
0.90,2.66,-2.60,193.44,6.41,-8.68,8.56,-11.09,
0.82,2.71,-2.74,193.44,3.99,-1.00,-0.35,3.26,
0.70,2.69,-3.00,173.41,8.57,-5.17,-1.09,3.97,
0.79,2.62,-3.22,173.41,1.34,-6.08,-6.52,1.71,
0.75,2.35,-3.49,173.41,5.82,-15.45,-3.93,-2.73,
0.60,2.00,-3.72,173.41,9.20,-18.66,-0.04,-5.63,
0.54,1.51,-3.89,173.41,5.38,-30.00,-1.43,-11.81,
0.41,1.10,-3.99,153.39,8.40,-30.00,1.02,-12.99,
0.26,0.76,-4.03,153.39,8.26,-19.67,3.32,-11.52,
0.16,0.52,-4.00,153.39,4.22,-10.40,2.51,-8.22,
0.07,0.30,-3.98,153.39,4.37,-10.07,2.33,-7.52,
-0.05,0.06,-4.02,153.39,6.72,-12.39,1.85,-6.35,
-0.09,-0.17,-4.10,137.37,5.70,-18.40,-1.56,-6.98,
-0.12,-0.33,-4.13,137.37,3.42,-10.77,-1.40,-4.64,
-0.09,-0.46,-4.09,137.37,-0.59,-7.25,-2.16,-5.36,
0.03,-0.66,-4.00,137.37,-2.95,-8.87,-7.01,-4.52,
0.11,-0.74,-4.01,122.16,-2.02,-7.44,-7.44,-2.02,
0.01,-0.86,-3.98,122.16,7.66,-8.88,4.62,-5.69,
0.01,-1.00,-3.91,122.16,0.16,-8.50,-0.42,-7.72,
-0.10,-0.99,-3.76,122.16,4.12,2.48,8.97,-1.47,
0.04,-0.99,-3.57,122.16,-13.51,3.35,-4.42,-3.46,
0.03,-1.11,-3.15,107.51,-2.10,2.25,10.61,-10.40,
0.07,-1.13,-2.89,107.51,-11.65,6.28,4.00,-8.81,
0.11,-1.13,-2.73,107.51,-7.05,3.55,1.34,-4.54,
0.09,-1.27,-2.67,107.51,1.62,-11.33,1.48,-11.12,
0.04,-1.30,-2.67,97.26,7.33,-4.83,2.47,-0.36,
0.07,-1.28,-2.69,97.26,0.64,-1.53,-6.21,5.17,
0.00,-1.35,-2.75,97.26,12.34,-12.66,0.66,-0.85,
0.01,-1.29,-2.76,97.26,2.73,1.39,-3.43,8.34,
0.02,-1.30,-2.73,97.26,0.21,-1.55,-1.83,0.48,
-0.03,-1.32,-2.71,86.08,6.91,-3.97,2.95,-0.40,
0.04,-1.24,-2.67,86.08,-7.27,9.01,-8.46,10.30,
-0.03,-1.25,-2.65,86.08,10.99,-3.06,5.32,1.28,
-0.00,-1.20,-2.67,86.08,1.05,1.56,-6.83,10.38,
0.02,-1.20,-2.68,86.08,1.10,-3.58,-6.37,3.63,
0.01,-1.20,-2.70,76.26,6.96,-6.26,-4.81,5.47,
0.07,-1.18,-2.72,76.26,-2.88,-1.93,-18.33,9.80,
0.03,-1.20,-2.77,76.26,17.35,-11.24,-1.14,4.74,
0.12,-1.16,-2.79,76.26,-7.72,0.10,-30.00,13.45,
0.06,-1.17,-2.82,76.26,18.82,-9.05,1.06,4.64,
0.12,-1.17,-2.85,69.38,-2.57,-6.46,-27.32,7.93,
0.06,-1.18,-2.86,69.38,30.00,-8.46,4.55,4.63,
0.11,-1.19,-2.86,69.38,-4.18,-6.70,-17.76,2.89,
0.05,-1.21,-2.86,69.38,21.98,-8.61,5.32,1.89,
0.10,-1.23,-2.86,69.38,-4.40,-11.05,-19.22,0.05,
0.04,-1.25,-2.86,62.57,30.00,-10.82,8.00,2.99,
0.07,-1.29,-2.85,62.57,-0.51,-20.52,-13.85,-3.65,
0.04,-1.31,-2.84,62.57,11.19,-9.07,0.61,0.83,
0.02,-1.36,-2.81,62.57,7.86,-17.28,1.89,-8.59,
0.03,-1.37,-2.78,62.57,0.47,-6.65,-6.85,0.63,
-0.01,-1.38,-2.75,57.80,18.04,-4.46,8.43,1.36,
0.02,-1.41,-2.74,57.80,-1.46,-17.74,-16.63,-1.98,
-0.05,-1.40,-2.73,57.80,30.00,-2.49,15.56,8.04,
0.01,-1.42,-2.73,57.80,-7.64,-16.48,-30.00,0.91,
-0.02,-1.39,-2.73,57.80,19.86,-0.31,-0.22,19.60,
-0.04,-1.40,-2.73,52.46,15.70,-11.47,-3.07,5.83,
-0.00,-1.39,-2.73,52.46,-2.29,-4.59,-30.00,15.74,
-0.06,-1.38,-2.73,52.46,30.00,-6.77,9.68,11.17,
0.01,-1.42,-2.74,52.46,-10.98,-30.00,-30.00,-1.54,
0.01,-1.38,-2.75,52.46,9.44,2.21,-14.23,30.00,
-0.00,-1.37,-2.76,48.72,23.44,-7.96,-5.64,17.90,
0.03,-1.36,-2.77,48.72,-0.92,-8.66,-30.00,23.94,
-0.00,-1.32,-2.78,48.72,30.00,3.11,0.86,30.00,
-0.00,-1.34,-2.78,48.72,12.37,-30.00,-9.24,2.02,
-0.02,-1.31,-2.79,44.10,30.00,-5.42,2.94,30.00,
-0.04,-1.34,-2.78,44.10,30.00,-30.00,-3.26,0.75,
-0.05,-1.33,-2.77,44.10,30.00,-14.16,2.37,9.14,
-0.08,-1.35,-2.76,44.10,30.00,-26.39,2.47,2.35,
-0.06,-1.37,-2.76,38.87,5.60,-30.00,-30.00,5.28,
-0.08,-1.39,-2.75,38.87,30.00,-30.00,-4.91,-0.18,
-0.11,-1.40,-2.74,38.87,30.00,-30.00,8.18,9.94,
-0.11,-1.42,-2.75,38.87,17.12,-30.00,-30.00,5.88,
-0.11,-1.43,-2.73,38.87,13.61,-30.00,-14.48,6.73,
-0.14,-1.43,-2.72,37.21,30.00,-14.87,7.82,10.92,
-0.14,-1.44,-2.72,37.21,30.00,-30.00,-30.00,13.65,
-0.11,-1.47,-2.72,37.21,1.95,-30.00,-30.00,0.91,
-0.12,-1.47,-2.72,37.21,30.00,-22.07,-10.96,16.13,
-0.14,-1.47,-2.73,37.21,30.00,-30.00,-8.89,30.00,
-0.13,-1.49,-2.74,34.05,20.64,-30.00,-30.00,13.96,
-0.12,-1.48,-2.73,34.05,11.67,-10.36,-30.00,30.00,
-0.13,-1.47,-2.73,34.05,30.00,-30.00,-12.35,30.00,
-0.14,-1.47,-2.74,34.05,30.00,-30.00,-30.00,30.00,
-0.14,-1.46,-2.74,34.05,23.39,-30.00,-30.00,30.00,
-0.14,-1.45,-2.74,29.83,30.00,-16.41,-30.00,30.00,
-0.15,-1.44,-2.75,29.83,30.00,-30.00,-14.34,30.00,
-0.17,-1.44,-2.75,29.83,30.00,-30.00,-13.44,30.00,
-0.17,-1.45,-2.75,29.83,30.00,-30.00,-30.00,20.18,
-0.17,-1.46,-2.74,29.83,28.56,-30.00,-30.00,19.17,
-0.18,-1.46,-2.75,28.88,30.00,-30.00,-25.62,30.00,
-0.20,-1.45,-2.74,28.88,30.00,-30.00,-16.60,30.00,
-0.21,-1.47,-2.73,28.88,30.00,-30.00,-13.41,1.47,
-0.21,-1.49,-2.72,28.88,30.00,-30.00,-21.68,1.39,
-0.23,-1.48,-2.72,28.88,30.00,-26.25,-17.21,30.00,
-0.27,-1.50,-2.71,26.22,30.00,-30.00,-15.93,18.60,
-0.27,-1.52,-2.70,26.22,30.00,-30.00,-30.00,5.93,
-0.28,-1.54,-2.71,26.22,30.00,-30.00,-30.00,19.66,
-0.29,-1.53,-2.71,26.22,30.00,-30.00,-30.00,30.00,
-0.29,-1.53,-2.71,24.35,30.00,-30.00,-30.00,30.00,
-0.31,-1.55,-2.71,24.35,30.00,-30.00,-14.52,9.64,
-0.31,-1.56,-2.71,24.35,30.00,-30.00,-30.00,30.00,
-0.30,-1.56,-2.72,24.35,30.00,-30.00,-30.00,30.00,
-0.30,-1.56,-2.72,24.35,30.00,-30.00,-30.00,30.00,
-0.31,-1.56,-2.72,23.05,30.00,-30.00,-30.00,30.00,
-0.31,-1.55,-2.72,23.05,30.00,-30.00,-30.00,30.00,
-0.32,-1.56,-2.72,23.05,30.00,-30.00,-30.00,30.00,
-0.32,-1.56,-2.72,23.05,30.00,-30.00,-30.00,30.00,
-0.32,-1.58,-2.72,23.05,30.00,-30.00,-30.00,20.02,
-0.34,-1.57,-2.70,22.13,30.00,-30.00,-30.00,30.00,
-0.34,-1.56,-2.70,22.13,30.00,-30.00,-30.00,30.00,
-0.35,-1.57,-2.69,22.13,30.00,-30.00,-30.00,30.00,
-0.36,-1.58,-2.68,22.13,30.00,-30.00,-30.00,30.00,
-0.37,-1.60,-2.67,19.49,30.00,-30.00,-30.00,30.00,
-0.38,-1.61,-2.67,19.49,30.00,-30.00,-30.00,30.00,
-0.38,-1.62,-2.66,19.49,30.00,-30.00,-30.00,30.00,
-0.40,-1.63,-2.66,19.49,30.00,-30.00,-30.00,30.00,
-0.40,-1.65,-2.66,19.49,30.00,-30.00,-30.00,23.85,
-0.41,-1.67,-2.66,17.65,30.00,-30.00,-30.00,30.00,
-0.41,-1.68,-2.67,17.65,30.00,-30.00,-30.00,30.00,
-0.41,-1.69,-2.66,17.65,30.00,-30.00,-30.00,30.00,
-0.41,-1.70,-2.67,17.65,30.00,-30.00,-30.00,30.00,
-0.41,-1.70,-2.67,17.65,30.00,-30.00,-30.00,30.00,
-0.41,-1.71,-2.67,16.35,30.00,-30.00,-30.00,30.00,
-0.41,-1.71,-2.67,16.35,30.00,-30.00,-30.00,30.00,
-0.41,-1.72,-2.67,16.35,30.00,-30.00,-30.00,30.00,
-0.41,-1.72,-2.67,16.35,30.00,-30.00,-30.00,30.00,
-0.41,-1.72,-2.66,16.35,30.00,-30.00,-30.00,30.00,
-0.41,-1.72,-2.66,15.45,30.00,-30.00,-30.00,30.00,
-0.41,-1.73,-2.65,15.45,30.00,-30.00,-30.00,30.00,
-0.42,-1.73,-2.65,15.45,30.00,-30.00,-30.00,30.00,
-0.43,-1.74,-2.65,15.45,30.00,-30.00,-30.00,30.00,
-0.44,-1.75,-2.64,15.45,30.00,-30.00,-30.00,30.00,
-0.45,-1.75,-2.63,15.45,30.00,-30.00,-30.00,30.00,
-0.46,-1.76,-2.62,14.81,30.00,-30.00,-30.00,30.00,
-0.46,-1.76,-2.61,14.81,30.00,-30.00,-30.00,30.00,
-0.46,-1.78,-2.61,14.81,30.00,-30.00,-30.00,30.00,
-0.47,-1.78,-2.62,14.81,30.00,-30.00,-30.00,30.00,
-0.47,-1.78,-2.62,14.81,30.00,-30.00,-30.00,30.00,
-0.48,-1.79,-2.62,12.37,30.00,-30.00,-30.00,30.00,
-0.48,-1.79,-2.62,12.37,30.00,-30.00,-30.00,30.00,
-0.48,-1.80,-2.62,12.37,30.00,-30.00,-30.00,30.00,
-0.48,-1.80,-2.63,12.37,30.00,-30.00,-30.00,30.00,
-0.48,-1.81,-2.64,12.37,30.00,-30.00,-30.00,30.00,
-0.47,-1.81,-2.65,12.66,30.00,-30.00,-30.00,30.00,
-0.47,-1.82,-2.66,12.66,30.00,-30.00,-30.00,30.00,
-0.46,-1.82,-2.66,12.66,30.00,-30.00,-30.00,30.00,
-0.46,-1.83,-2.66,12.66,30.00,-30.00,-30.00,30.00,
-0.47,-1.84,-2.66,12.66,30.00,-30.00,-30.00,30.00,
-0.47,-1.83,-2.66,10.86,30.00,-30.00,-30.00,30.00,
-0.47,-1.84,-2.67,10.86,30.00,-30.00,-30.00,30.00,
-0.48,-1.83,-2.67,10.86,30.00,-30.00,-30.00,30.00,
-0.48,-1.84,-2.66,10.86,30.00,-30.00,-30.00,30.00,
-0.49,-1.85,-2.65,10.86,30.00,-30.00,-30.00,30.00,
-0.50,-1.85,-2.65,10.86,30.00,-30.00,-30.00,30.00,
-0.50,-1.86,-2.64,9.60,30.00,-30.00,-30.00,30.00,
-0.51,-1.86,-2.64,9.60,30.00,-30.00,-30.00,30.00,
-0.51,-1.87,-2.63,9.60,30.00,-30.00,-30.00,30.00,
-0.52,-1.88,-2.63,9.60,30.00,-30.00,-30.00,30.00,
-0.52,-1.88,-2.63,9.60,30.00,-30.00,-30.00,30.00,
-0.53,-1.88,-2.63,6.72,30.00,-30.00,-30.00,30.00,
-0.53,-1.89,-2.62,6.72,30.00,-30.00,-30.00,30.00,
-0.53,-1.89,-2.62,6.72,30.00,-30.00,-30.00,30.00,
-0.53,-1.90,-2.62,6.72,30.00,-30.00,-30.00,30.00,
-0.54,-1.91,-2.62,6.72,30.00,-30.00,-30.00,30.00,
-0.54,-1.91,-2.62,6.71,30.00,-30.00,-30.00,30.00,
-0.53,-1.91,-2.62,6.71,30.00,-30.00,-30.00,30.00,
-0.54,-1.92,-2.62,6.71,30.00,-30.00,-30.00,30.00,
-0.53,-1.92,-2.62,6.71,30.00,-30.00,-30.00,30.00,
-0.53,-1.93,-2.62,6.71,30.00,-30.00,-30.00,30.00,
-0.53,-1.93,-2.63,4.69,30.00,-30.00,-30.00,30.00,
-0.53,-1.93,-2.63,4.69,30.00,-30.00,-30.00,30.00,
-0.53,-1.94,-2.62,4.69,30.00,-30.00,-30.00,30.00,
-0.54,-1.95,-2.61,4.69,30.00,-30.00,-30.00,30.00,
-0.54,-1.95,-2.62,4.69,30.00,-30.00,-30.00,30.00,
-0.55,-1.96,-2.61,5.29,30.00,-30.00,-30.00,30.00,
-0.55,-1.96,-2.61,5.29,30.00,-30.00,-30.00,30.00,
-0.55,-1.97,-2.60,5.29,30.00,-30.00,-30.00,30.00,
-0.56,-1.97,-2.58,5.29,30.00,-30.00,-30.00,30.00,
-0.56,-1.97,-2.58,5.29,30.00,-30.00,-30.00,30.00,
-0.56,-1.98,-2.58,5.29,30.00,-30.00,-30.00,30.00,
-0.57,-1.98,-2.59,3.70,30.00,-30.00,-30.00,30.00,
-0.57,-1.98,-2.59,3.70,30.00,-30.00,-30.00,30.00,
-0.57,-1.99,-2.60,3.70,30.00,-30.00,-30.00,30.00,
-0.58,-1.99,-2.60,3.70,30.00,-30.00,-30.00,30.00,
-0.58,-1.99,-2.59,3.70,30.00,-30.00,-30.00,30.00,
-0.58,-2.00,-2.58,2.59,30.00,-30.00,-30.00,30.00,
-0.58,-2.00,-2.58,2.59,30.00,-30.00,-30.00,30.00,
-0.58,-2.01,-2.58,2.59,30.00,-30.00,-30.00,30.00,
-0.58,-2.01,-2.59,2.59,30.00,-30.00,-30.00,30.00,
-0.58,-2.02,-2.60,2.59,30.00,-30.00,-30.00,30.00,
-0.59,-2.02,-2.60,3.81,30.00,-30.00,-30.00,30.00,
-0.59,-2.03,-2.59,3.81,30.00,-30.00,-30.00,30.00,
-0.59,-2.04,-2.57,3.81,30.00,-30.00,-30.00,30.00,
-0.59,-2.04,-2.56,3.81,30.00,-30.00,-30.00,30.00,
-0.59,-2.04,-2.56,3.81,30.00,-30.00,-30.00,30.00,
-0.60,-2.05,-2.57,2.67,30.00,-30.00,-30.00,30.00,
-0.61,-2.05,-2.58,2.67,30.00,-30.00,-30.00,30.00,
-0.61,-2.06,-2.57,2.67,30.00,-30.00,-30.00,30.00,
-0.61,-2.06,-2.56,2.67,30.00,-30.00,-30.00,30.00,
-0.62,-2.07,-2.55,2.67,30.00,-30.00,-30.00,30.00,
-0.62,-2.07,-2.55,1.87,30.00,-30.00,-30.00,30.00,
-0.62,-2.07,-2.55,1.87,30.00,-30.00,-30.00,30.00,
-0.63,-2.08,-2.55,1.87,30.00,-30.00,-30.00,30.00,
-0.63,-2.08,-2.55,1.87,30.00,-30.00,-30.00,30.00,
-0.63,-2.09,-2.55,1.31,30.00,-30.00,-30.00,30.00,
-0.63,-2.09,-2.54,1.31,30.00,-30.00,-30.00,30.00,
-0.63,-2.09,-2.53,1.31,30.00,-30.00,-30.00,30.00,
-0.63,-2.10,-2.53,1.31,30.00,-30.00,-30.00,30.00,
-0.64,-2.10,-2.54,1.31,30.00,-30.00,-30.00,30.00,
-0.64,-2.11,-2.54,0.92,30.00,-30.00,-30.00,30.00,
-0.64,-2.11,-2.54,0.92,30.00,-30.00,-30.00,30.00,
-0.64,-2.12,-2.53,0.92,30.00,-30.00,-30.00,30.00,
-0.64,-2.12,-2.53,0.92,30.00,-30.00,-30.00,30.00,
-0.64,-2.13,-2.52,0.92,30.00,-30.00,-30.00,30.00,
-0.65,-2.13,-2.52,0.64,30.00,-30.00,-30.00,30.00,
-0.65,-2.14,-2.52,0.64,30.00,-30.00,-30.00,30.00,
-0.65,-2.14,-2.52,0.64,30.00,-30.00,-30.00,30.00,
-0.66,-2.14,-2.52,0.64,30.00,-30.00,-30.00,30.00,
-0.66,-2.15,-2.51,0.64,30.00,-30.00,-30.00,30.00,
-0.66,-2.15,-2.51,0.45,30.00,-30.00,-30.00,30.00,
-0.66,-2.16,-2.51,0.45,30.00,-30.00,-30.00,30.00,
-0.67,-2.16,-2.50,0.45,30.00,-30.00,-30.00,30.00,
-0.67,-2.16,-2.50,0.45,30.00,-30.00,-30.00,30.00,
-0.67,-2.17,-2.50,0.45,30.00,-30.00,-30.00,30.00,
-0.67,-2.17,-2.50,0.31,30.00,-30.00,-30.00,30.00,
-0.68,-2.17,-2.50,0.31,30.00,-30.00,-30.00,30.00,
-0.68,-2.17,-2.49,0.31,30.00,-30.00,-30.00,30.00,
-0.68,-2.18,-2.49,0.31,30.00,-30.00,-30.00,30.00,
-0.68,-2.18,-2.49,0.31,30.00,-30.00,-30.00,30.00,
-0.68,-2.18,-2.49,0.22,30.00,-30.00,-30.00,30.00,
-0.68,-2.19,-2.49,0.22,30.00,-30.00,-30.00,30.00,
-0.69,-2.19,-2.49,0.22,30.00,-30.00,-30.00,30.00,
-0.69,-2.20,-2.48,0.22,30.00,-30.00,-30.00,30.00,
-0.69,-2.20,-2.48,0.22,30.00,-30.00,-30.00,30.00,
-0.69,-2.21,-2.48,0.15,30.00,-30.00,-30.00,30.00,
-0.70,-2.21,-2.48,0.15,30.00,-30.00,-30.00,30.00,
-0.70,-2.22,-2.48,0.15,30.00,-30.00,-30.00,30.00,
-0.70,-2.22,-2.47,0.15,30.00,-30.00,-30.00,30.00,
-0.70,-2.23,-2.47,0.15,30.00,-30.00,-30.00,30.00,
-0.71,-2.23,-2.47,0.15,30.00,-30.00,-30.00,30.00,
-0.71,-2.23,-2.47,0.11,30.00,-30.00,-30.00,30.00,
-0.71,-2.24,-2.46,0.11,30.00,-30.00,-30.00,30.00,
-0.71,-2.24,-2.46,0.11,30.00,-30.00,-30.00,30.00,
-0.72,-2.25,-2.46,0.11,30.00,-30.00,-30.00,30.00,
-0.72,-2.25,-2.46,0.08,30.00,-30.00,-30.00,30.00,
-0.72,-2.25,-2.45,0.08,30.00,-30.00,-30.00,30.00,
-0.72,-2.26,-2.45,0.08,30.00,-30.00,-30.00,30.00,
-0.72,-2.26,-2.45,0.08,30.00,-30.00,-30.00,30.00,
-0.72,-2.26,-2.45,0.08,30.00,-30.00,-30.00,30.00,
-0.73,-2.27,-2.45,0.05,30.00,-30.00,-30.00,30.00,
-0.73,-2.27,-2.44,0.05,30.00,-30.00,-30.00,30.00,
-0.73,-2.28,-2.44,0.05,30.00,-30.00,-30.00,30.00,
-0.74,-2.28,-2.43,0.04,30.00,-30.00,-30.00,30.00,
-0.74,-2.29,-2.43,0.04,30.00,-30.00,-30.00,30.00,
-0.70,-2.31,-2.45,0.04,-30.00,-30.00,-30.00,30.00,
-0.69,-2.32,-2.47,0.04,30.00,-30.00,-30.00,30.00,
-0.68,-2.32,-2.54,0.04,30.00,-30.00,-30.00,30.00,
-0.69,-2.35,-2.62,0.03,30.00,-30.00,-30.00,30.00,
-0.69,-2.34,-2.61,0.03,30.00,-30.00,-30.00,30.00,
-0.71,-2.33,-2.59,0.03,30.00,-30.00,30.00,30.00,
-0.70,-2.34,-2.66,0.03,30.00,-30.00,-30.00,30.00,
-0.72,-2.35,-2.71,0.03,30.00,-30.00,-30.00,30.00,
-0.73,-2.35,-2.71,0.02,30.00,-30.00,-30.00,30.00,
-0.71,-2.35,-2.66,0.02,-30.00,-30.00,-30.00,-30.00,
-0.70,-2.36,-2.57,0.02,-30.00,30.00,30.00,-30.00,
-0.70,-2.37,-2.49,0.02,-30.00,30.00,30.00,-30.00,
-0.70,-2.37,-2.43,0.02,30.00,-30.00,30.00,-30.00,
-0.72,-2.40,-2.42,0.01,30.00,-30.00,30.00,-30.00,
-0.76,-2.41,-2.40,0.01,30.00,-30.00,30.00,-30.00,
-0.80,-2.44,-2.36,0.01,30.00,-30.00,30.00,-30.00,
-0.82,-2.48,-2.32,0.01,30.00,-30.00,30.00,-30.00,
-0.84,-2.50,-2.28,0.01,30.00,-30.00,30.00,-30.00,
-0.86,-2.52,-2.25,0.01,30.00,-30.00,30.00,-30.00,
-0.86,-2.54,-2.23,0.01,30.00,-30.00,-30.00,-30.00,
-0.82,-2.57,-2.23,0.01,-30.00,-30.00,-30.00,-30.00,
-0.76,-2.60,-2.25,0.01,-30.00,-30.00,-30.00,-30.00,
-0.72,-2.63,-2.31,0.01,30.00,-30.00,-30.00,30.00,
-0.70,-2.66,-2.38,0.01,30.00,-30.00,-30.00,30.00,
-0.69,-2.66,-2.44,0.01,30.00,-30.00,-30.00,30.00,
-0.63,-2.68,-2.53,0.01,30.00,-30.00,-30.00,30.00,
-0.61,-2.70,-2.58,0.01,30.00,-30.00,-30.00,30.00,
-0.60,-2.69,-2.60,0.01,30.00,-30.00,-30.00,30.00,
-0.59,-2.68,-2.59,0.01,30.00,-30.00,-30.00,30.00,
-0.55,-2.67,-2.54,0.01,-30.00,30.00,-30.00,30.00,
-0.51,-2.67,-2.49,0.01,-30.00,30.00,-30.00,30.00,
-0.46,-2.66,-2.47,0.01,-30.00,-30.00,-30.00,30.00,
-0.39,-2.66,-2.45,0.01,-30.00,-30.00,-30.00,30.00,
-0.36,-2.66,-2.42,0.01,-30.00,-30.00,-30.00,30.00,
-0.24,-2.71,-2.37,0.01,30.00,-30.00,-30.00,30.00,
-0.23,-2.74,-2.40,0.01,30.00,-30.00,-30.00,30.00,
-0.23,-2.78,-2.44,0.01,30.00,-30.00,-30.00,30.00,
-0.24,-2.82,-2.46,0.01,30.00,-30.00,-30.00,-30.00,
-0.24,-2.87,-2.46,0.01,30.00,-30.00,-30.00,-30.00,
-0.26,-2.89,-2.43,0.01,30.00,-30.00,30.00,-30.00,
-0.26,-2.92,-2.40,0.01,30.00,-30.00,-30.00,-30.00,
-0.25,-2.95,-2.37,0.01,-30.00,-30.00,-30.00,-30.00,
-0.25,-2.97,-2.36,0.01,30.00,-30.00,-30.00,-30.00,
-0.19,-3.00,-2.36,0.01,-30.00,-30.00,-30.00,30.00,
-0.16,-3.02,-2.35,0.01,-30.00,-30.00,-30.00,-30.00,
-0.08,-3.05,-2.35,0.01,-30.00,-30.00,-30.00,-30.00,
-0.01,-3.09,-2.36,0.01,-30.00,-30.00,-30.00,-30.00,
0.08,-3.11,-2.39,0.01,-30.00,-30.00,-30.00,30.00,
0.20,-3.16,-2.41,0.01,-30.00,-30.00,-30.00,-30.00,
0.25,-3.17,-2.44,0.01,-30.00,-30.00,-30.00,30.00,
0.32,-3.17,-2.53,0.01,-30.00,-30.00,-30.00,30.00,
0.33,-3.16,-2.67,0.01,30.00,-30.00,-30.00,30.00,
0.35,-3.15,-2.83,0.01,30.00,-30.00,-30.00,30.00,
0.38,-3.18,-2.96,0.01,30.00,-30.00,-30.00,30.00,
0.41,-3.21,-3.03,0.01,30.00,-30.00,-30.00,30.00,
0.40,-3.20,-2.95,0.01,-30.00,30.00,30.00,-30.00,
0.32,-3.15,-2.73,0.01,-30.00,30.00,30.00,-30.00,
0.04,-3.03,-2.32,0.01,30.00,30.00,30.00,-30.00,
-0.19,-2.86,-1.81,0.01,-30.00,30.00,30.00,-30.00,
-0.40,-2.80,-1.31,0.01,-30.00,30.00,30.00,-30.00,
-0.61,-2.70,-0.83,0.01,-30.00,30.00,30.00,-30.00,
-0.80,-2.72,-0.62,0.01,30.00,30.00,30.00,-30.00,
