0.47,-0.16,0.04,0.01,-30.00,30.00,30.00,-30.00,
0.48,-0.14,0.16,0.01,-30.00,30.00,30.00,-30.00,
0.48,-0.12,0.28,0.01,-30.00,30.00,30.00,-30.00,
0.46,-0.12,0.41,0.01,-30.00,30.00,30.00,-30.00,
0.44,-0.13,0.50,0.01,-30.00,30.00,30.00,-30.00,
0.41,-0.14,0.51,0.01,30.00,-30.00,30.00,-30.00,
0.37,-0.18,0.38,0.01,30.00,-30.00,-30.00,30.00,
0.31,-0.22,0.23,0.01,30.00,-30.00,-30.00,30.00,
0.26,-0.27,0.19,0.01,30.00,-30.00,30.00,-30.00,
0.25,-0.32,0.25,0.01,-30.00,-30.00,30.00,-30.00,
0.25,-0.34,0.32,0.01,-30.00,30.00,30.00,-30.00,
0.23,-0.35,0.34,0.01,30.00,30.00,30.00,-30.00,
0.22,-0.34,0.28,0.01,30.00,-30.00,-30.00,30.00,
0.22,-0.33,0.19,0.01,30.00,-30.00,-30.00,30.00,
0.21,-0.31,0.18,0.01,30.00,30.00,-30.00,30.00,
0.23,-0.30,0.25,0.01,-30.00,30.00,30.00,-30.00,
0.26,-0.29,0.36,0.01,-30.00,30.00,30.00,-30.00,
0.27,-0.28,0.43,0.01,-30.00,30.00,30.00,-30.00,
0.26,-0.29,0.39,0.01,30.00,-30.00,-30.00,30.00,
0.25,-0.30,0.26,0.01,30.00,-30.00,-30.00,30.00,
0.22,-0.31,0.17,0.01,30.00,-30.00,-30.00,30.00,
0.20,-0.31,0.17,0.01,30.00,-30.00,30.00,-30.00,
0.19,-0.33,0.23,0.01,-30.00,30.00,30.00,-30.00,
0.19,-0.34,0.30,0.01,-30.00,30.00,30.00,-30.00,
0.15,-0.35,0.29,0.01,30.00,-30.00,30.00,-30.00,
0.12,-0.36,0.23,0.01,30.00,-30.00,30.00,30.00,
0.08,-0.39,0.21,0.01,30.00,-30.00,30.00,-30.00,
0.05,-0.42,0.29,0.01,-30.00,30.00,30.00,-30.00,
0.03,-0.44,0.41,0.01,-30.00,30.00,30.00,-30.00,
0.00,-0.48,0.49,0.01,-30.00,-30.00,30.00,-30.00,
-0.04,-0.51,0.47,0.01,30.00,-30.00,30.00,-30.00,
-0.10,-0.56,0.40,0.01,30.00,-30.00,30.00,-30.00,
-0.14,-0.59,0.36,0.01,30.00,-30.00,30.00,-30.00,
-0.20,-0.64,0.40,0.01,30.00,-30.00,30.00,-30.00,
-0.22,-0.68,0.45,0.01,-30.00,-30.00,30.00,-30.00,
-0.27,-0.71,0.45,0.01,30.00,-30.00,30.00,-30.00,
-0.31,-0.73,0.40,0.01,30.00,-30.00,30.00,-30.00,
-0.34,-0.76,0.38,0.01,30.00,-30.00,30.00,-30.00,
-0.36,-0.79,0.41,0.01,30.00,-30.00,30.00,-30.00,
-0.38,-0.81,0.47,0.01,30.00,-30.00,30.00,-30.00,
-0.39,-0.81,0.41,0.01,30.00,-30.00,-30.00,30.00,
-0.41,-0.81,0.33,0.01,30.00,-30.00,-30.00,30.00,
-0.43,-0.80,0.30,0.01,30.00,-30.00,30.00,30.00,
-0.42,-0.80,0.33,0.01,-30.00,-30.00,30.00,-30.00,
-0.43,-0.80,0.36,0.01,-30.00,30.00,30.00,-30.00,
-0.45,-0.81,0.35,0.01,30.00,-30.00,30.00,-30.00,
-0.48,-0.81,0.33,0.01,30.00,-30.00,30.00,-30.00,
-0.52,-0.80,0.37,0.01,30.00,30.00,30.00,-30.00,
-0.60,-0.80,0.48,0.01,30.00,30.00,30.00,-30.00,
-0.64,-0.82,0.49,0.01,30.00,-30.00,30.00,-30.00,
-0.68,-0.84,0.46,0.01,30.00,-30.00,30.00,-30.00,
-0.71,-0.88,0.44,0.01,30.00,-30.00,30.00,-30.00,
-0.75,-0.92,0.43,0.01,30.00,-30.00,30.00,-30.00,
-0.77,-0.96,0.41,0.01,30.00,-30.00,30.00,-30.00,
-0.80,-1.01,0.35,0.01,30.00,-30.00,30.00,-30.00,
-0.83,-1.06,0.26,0.01,30.00,-30.00,30.00,-30.00,
-0.85,-1.09,0.19,0.01,30.00,-30.00,-30.00,-30.00,
-0.86,-1.11,0.18,0.01,30.00,-30.00,30.00,-30.00,
-0.86,-1.11,0.25,0.01,-30.00,30.00,30.00,-30.00,
-0.86,-1.11,0.32,0.01,-30.00,30.00,30.00,-30.00,
-0.86,-1.11,0.31,0.01,30.00,-30.00,30.00,-30.00,
-0.91,-1.10,0.26,0.01,30.00,-30.00,30.00,30.00,
-0.94,-1.09,0.25,0.01,30.00,-30.00,30.00,-30.00,
-0.93,-1.09,0.31,0.01,-30.00,30.00,30.00,-30.00,
-0.95,-1.09,0.41,0.01,-30.00,30.00,30.00,-30.00,
-1.00,-1.08,0.48,0.01,30.00,30.00,30.00,-30.00,
-1.03,-1.09,0.47,0.01,30.00,-30.00,30.00,-30.00,
-1.08,-1.10,0.40,0.01,30.00,-30.00,30.00,-30.00,
-1.14,-1.12,0.33,0.01,30.00,-30.00,30.00,-30.00,
-1.18,-1.14,0.30,0.01,30.00,-30.00,30.00,-30.00,
-1.21,-1.15,0.30,0.01,30.00,-30.00,30.00,-30.00,
-1.25,-1.16,0.31,0.01,30.00,-30.00,30.00,-30.00,
-1.29,-1.15,0.30,0.01,30.00,-30.00,30.00,-30.00,
-1.33,-1.15,0.26,0.01,30.00,-30.00,30.00,-30.00,
-1.35,-1.15,0.23,0.01,30.00,-30.00,30.00,-30.00,
-1.36,-1.15,0.22,0.01,30.00,-30.00,30.00,-30.00,
-1.38,-1.14,0.23,0.01,30.00,-30.00,30.00,-30.00,
-1.39,-1.13,0.24,0.01,30.00,-30.00,30.00,-30.00,
-1.40,-1.12,0.24,0.01,30.00,-30.00,30.00,-30.00,
-1.40,-1.12,0.23,0.01,30.00,-30.00,30.00,-30.00,
-1.41,-1.12,0.21,0.01,30.00,-30.00,30.00,-30.00,
-1.42,-1.13,0.18,0.01,30.00,-30.00,30.00,-30.00,
-1.42,-1.14,0.16,0.01,30.00,-30.00,30.00,-30.00,
-1.43,-1.15,0.15,0.01,30.00,-30.00,30.00,-30.00,
-1.44,-1.16,0.14,0.01,30.00,-30.00,30.00,-30.00,
-1.45,-1.18,0.14,0.01,30.00,-30.00,30.00,-30.00,
-1.46,-1.19,0.13,0.01,30.00,-30.00,30.00,-30.00,
-1.47,-1.21,0.12,0.01,30.00,-30.00,30.00,-30.00,
-1.49,-1.24,0.11,0.01,30.00,-30.00,30.00,-30.00,
-1.50,-1.26,0.10,0.01,30.00,-30.00,30.00,-30.00,
-1.52,-1.28,0.10,0.01,30.00,-30.00,30.00,-30.00,
-1.54,-1.30,0.10,0.01,30.00,-30.00,30.00,-30.00,
-1.56,-1.31,0.11,0.01,30.00,-30.00,30.00,-30.00,
-1.58,-1.33,0.12,0.01,30.00,-30.00,30.00,-30.00,
-1.60,-1.34,0.12,0.01,30.00,-30.00,30.00,-30.00,
-1.62,-1.34,0.13,0.01,30.00,-30.00,30.00,-30.00,
-1.64,-1.35,0.13,0.01,30.00,-30.00,30.00,-30.00,
-1.65,-1.35,0.14,0.01,30.00,-30.00,30.00,-30.00,
-1.67,-1.35,0.15,0.01,30.00,-30.00,30.00,-30.00,
-1.68,-1.35,0.16,0.01,30.00,-30.00,30.00,-30.00,
-1.69,-1.34,0.16,0.01,30.00,-30.00,30.00,-30.00,
-1.70,-1.34,0.17,0.01,30.00,-30.00,30.00,-30.00,
-1.71,-1.34,0.17,0.01,30.00,-30.00,30.00,-30.00,
-1.72,-1.35,0.16,0.01,30.00,-30.00,30.00,-30.00,
-1.73,-1.35,0.16,0.01,30.00,-30.00,30.00,-30.00,
-1.74,-1.35,0.16,0.01,30.00,-30.00,30.00,-30.00,
-1.75,-1.36,0.16,0.01,30.00,-30.00,30.00,-30.00,
-1.75,-1.37,0.16,0.01,30.00,-30.00,30.00,-30.00,
-1.76,-1.38,0.15,0.01,30.00,-30.00,30.00,-30.00,
-1.78,-1.40,0.15,0.01,30.00,-30.00,30.00,-30.00,
-1.79,-1.41,0.14,0.01,30.00,-30.00,30.00,-30.00,
-1.80,-1.43,0.14,0.01,30.00,-30.00,30.00,-30.00,
-1.82,-1.45,0.13,0.01,30.00,-30.00,30.00,-30.00,
-1.83,-1.46,0.13,0.01,30.00,-30.00,30.00,-30.00,
-1.84,-1.47,0.13,0.01,30.00,-30.00,30.00,-30.00,
-1.86,-1.49,0.14,0.01,30.00,-30.00,30.00,-30.00,
-1.87,-1.50,0.14,0.01,30.00,-30.00,30.00,-30.00,
-1.88,-1.51,0.14,0.01,30.00,-30.00,30.00,-30.00,
-1.90,-1.51,0.14,0.01,30.00,-30.00,30.00,-30.00,
-1.91,-1.52,0.15,0.01,30.00,-30.00,30.00,-30.00,
-1.92,-1.52,0.15,0.01,30.00,-30.00,30.00,-30.00,
-1.93,-1.52,0.15,0.01,30.00,-30.00,30.00,-30.00,
-1.94,-1.52,0.16,0.01,30.00,-30.00,30.00,-30.00,
-1.95,-1.52,0.16,0.01,30.00,-30.00,30.00,-30.00,
-1.96,-1.51,0.17,0.01,30.00,-30.00,30.00,-30.00,
-1.97,-1.52,0.17,0.01,30.00,-30.00,30.00,-30.00,
-1.98,-1.52,0.17,0.01,30.00,-30.00,30.00,-30.00,
-1.99,-1.52,0.17,0.01,30.00,-30.00,30.00,-30.00,
-2.00,-1.53,0.17,0.01,30.00,-30.00,30.00,-30.00,
-2.01,-1.54,0.17,0.01,30.00,-30.00,30.00,-30.00,
-2.02,-1.54,0.16,0.01,30.00,-30.00,30.00,-30.00,
-2.03,-1.56,0.16,0.01,30.00,-30.00,30.00,-30.00,
-2.04,-1.57,0.16,0.01,30.00,-30.00,30.00,-30.00,
-2.05,-1.58,0.16,0.01,30.00,-30.00,30.00,-30.00,
-2.06,-1.59,0.16,0.01,30.00,-30.00,30.00,-30.00,
-2.07,-1.61,0.15,0.01,30.00,-30.00,30.00,-30.00,
-2.08,-1.62,0.15,0.01,30.00,-30.00,30.00,-30.00,
-2.09,-1.63,0.15,0.01,30.00,-30.00,30.00,-30.00,
-2.10,-1.64,0.15,0.01,30.00,-30.00,30.00,-30.00,
-2.11,-1.65,0.16,0.01,30.00,-30.00,30.00,-30.00,
-2.12,-1.65,0.16,0.01,30.00,-30.00,30.00,-30.00,
-2.13,-1.65,0.16,0.01,30.00,-30.00,30.00,-30.00,
-2.14,-1.66,0.16,0.01,30.00,-30.00,30.00,-30.00,
-2.15,-1.66,0.16,0.01,30.00,-30.00,30.00,-30.00,
-2.16,-1.65,0.17,0.01,30.00,-30.00,30.00,-30.00,
-2.17,-1.65,0.17,0.01,30.00,-30.00,30.00,-30.00,
-2.17,-1.65,0.17,0.01,30.00,-30.00,30.00,-30.00,
-2.18,-1.65,0.17,0.01,30.00,-30.00,30.00,-30.00,
-2.19,-1.66,0.17,0.01,30.00,-30.00,30.00,-30.00,
-2.20,-1.66,0.18,0.01,30.00,-30.00,30.00,-30.00,
-2.21,-1.66,0.18,0.01,30.00,-30.00,30.00,-30.00,
-2.22,-1.67,0.18,0.01,30.00,-30.00,30.00,-30.00,
-2.23,-1.67,0.18,0.01,30.00,-30.00,30.00,-30.00,
-2.24,-1.68,0.18,0.01,30.00,-30.00,30.00,-30.00,
-2.25,-1.69,0.17,0.01,30.00,-30.00,30.00,-30.00,
-2.26,-1.70,0.17,0.01,30.00,-30.00,30.00,-30.00,
-2.26,-1.71,0.17,0.01,30.00,-30.00,30.00,-30.00,
-2.27,-1.72,0.17,0.01,30.00,-30.00,30.00,-30.00,
-2.28,-1.73,0.17,0.01,30.00,-30.00,30.00,-30.00,
-2.29,-1.74,0.17,0.01,30.00,-30.00,30.00,-30.00,
-2.30,-1.75,0.17,0.01,30.00,-30.00,30.00,-30.00,
-2.31,-1.76,0.17,0.01,30.00,-30.00,30.00,-30.00,
-2.32,-1.76,0.17,0.01,30.00,-30.00,30.00,-30.00,
-2.33,-1.76,0.17,0.01,30.00,-30.00,30.00,-30.00,
-2.33,-1.77,0.17,0.01,30.00,-30.00,30.00,-30.00,
-2.34,-1.77,0.17,0.01,30.00,-30.00,30.00,-30.00,
-2.35,-1.77,0.18,0.01,30.00,-30.00,30.00,-30.00,
-2.35,-1.77,0.18,0.01,30.00,-30.00,30.00,-30.00,
-2.36,-1.77,0.18,0.01,30.00,-30.00,30.00,-30.00,
-2.37,-1.77,0.18,0.01,30.00,-30.00,30.00,-30.00,
-2.37,-1.77,0.18,0.01,30.00,-30.00,30.00,-30.00,
-2.38,-1.77,0.19,0.01,30.00,-30.00,30.00,-30.00,
-2.39,-1.77,0.19,0.01,30.00,-30.00,30.00,-30.00,
-2.40,-1.78,0.19,0.01,30.00,-30.00,30.00,-30.00,
-2.41,-1.78,0.19,0.01,30.00,-30.00,30.00,-30.00,
-2.41,-1.79,0.19,0.01,30.00,-30.00,30.00,-30.00,
-2.42,-1.80,0.19,0.01,30.00,-30.00,30.00,-30.00,
-2.43,-1.80,0.19,0.01,30.00,-30.00,30.00,-30.00,
-2.44,-1.81,0.19,0.01,30.00,-30.00,30.00,-30.00,
-2.44,-1.82,0.19,0.01,30.00,-30.00,30.00,-30.00,
-2.45,-1.83,0.19,0.01,30.00,-30.00,30.00,-30.00,
-2.46,-1.84,0.19,0.01,30.00,-30.00,30.00,-30.00,
-2.46,-1.84,0.19,0.01,30.00,-30.00,30.00,-30.00,
-2.47,-1.85,0.18,0.01,30.00,-30.00,30.00,-30.00,
-2.48,-1.85,0.18,0.01,30.00,-30.00,30.00,-30.00,
-2.48,-1.85,0.18,0.01,30.00,-30.00,30.00,-30.00,
-2.49,-1.85,0.18,0.01,30.00,-30.00,30.00,-30.00,
-2.49,-1.86,0.18,0.01,30.00,-30.00,30.00,-30.00,
-2.51,-1.86,0.18,0.01,30.00,-30.00,30.00,-30.00,
-2.51,-1.86,0.19,0.01,30.00,-30.00,30.00,-30.00,
-2.52,-1.86,0.19,0.01,30.00,-30.00,30.00,-30.00,
-2.53,-1.86,0.19,0.01,30.00,-30.00,30.00,-30.00,
-2.54,-1.87,0.20,0.01,30.00,-30.00,30.00,-30.00,
-2.55,-1.87,0.20,0.01,30.00,-30.00,30.00,-30.00,
-2.56,-1.88,0.20,0.01,30.00,-30.00,30.00,-30.00,
-2.56,-1.88,0.20,0.01,30.00,-30.00,30.00,-30.00,
-2.57,-1.89,0.21,0.01,30.00,-30.00,30.00,-30.00,
-2.58,-1.90,0.20,0.01,30.00,-30.00,30.00,-30.00,
-2.59,-1.91,0.20,0.01,30.00,-30.00,30.00,-30.00,
-2.60,-1.91,0.20,0.01,30.00,-30.00,30.00,-30.00,
-2.60,-1.92,0.20,0.01,30.00,-30.00,30.00,-30.00,
-2.61,-1.93,0.20,0.01,30.00,-30.00,30.00,-30.00,
-2.62,-1.94,0.20,0.01,30.00,-30.00,30.00,-30.00,
-2.62,-1.94,0.20,0.01,30.00,-30.00,30.00,-30.00,
-2.63,-1.95,0.20,0.01,30.00,-30.00,30.00,-30.00,
-2.63,-1.95,0.20,0.01,30.00,-30.00,30.00,-30.00,
-2.64,-1.95,0.20,0.01,30.00,-30.00,30.00,-30.00,
-2.64,-1.96,0.20,0.01,30.00,-30.00,30.00,-30.00,
-2.65,-1.96,0.19,0.01,30.00,-30.00,30.00,-30.00,
-2.66,-1.96,0.19,0.01,30.00,-30.00,30.00,-30.00,
-2.66,-1.96,0.19,0.01,30.00,-30.00,30.00,-30.00,
-2.67,-1.96,0.20,0.01,30.00,-30.00,30.00,-30.00,
-2.67,-1.96,0.20,0.01,30.00,-30.00,30.00,-30.00,
-2.68,-1.96,0.21,0.01,30.00,-30.00,30.00,-30.00,
-2.69,-1.97,0.21,0.01,30.00,-30.00,30.00,-30.00,
-2.70,-1.97,0.21,0.01,30.00,-30.00,30.00,-30.00,
-2.70,-1.97,0.21,0.01,30.00,-30.00,30.00,-30.00,
-2.71,-1.98,0.22,0.01,30.00,-30.00,30.00,-30.00,
-2.72,-1.98,0.22,0.01,30.00,-30.00,30.00,-30.00,
-2.72,-1.99,0.21,0.01,30.00,-30.00,30.00,-30.00,
-2.73,-1.99,0.21,0.01,30.00,-30.00,30.00,-30.00,
-2.74,-2.00,0.21,0.01,30.00,-30.00,30.00,-30.00,
-2.74,-2.01,0.22,0.01,30.00,-30.00,30.00,-30.00,
-2.75,-2.01,0.21,0.01,30.00,-30.00,30.00,-30.00,
-2.75,-2.02,0.21,0.01,30.00,-30.00,30.00,-30.00,
-2.76,-2.02,0.21,0.01,30.00,-30.00,30.00,-30.00,
-2.76,-2.03,0.21,0.01,30.00,-30.00,30.00,-30.00,
-2.77,-2.03,0.21,0.01,30.00,-30.00,30.00,-30.00,
-2.77,-2.03,0.21,0.01,30.00,-30.00,30.00,-30.00,
-2.77,-2.03,0.21,0.01,30.00,-30.00,30.00,-30.00,
-2.78,-2.04,0.21,0.01,30.00,-30.00,30.00,-30.00,
-2.78,-2.04,0.21,0.01,30.00,-30.00,30.00,-30.00,
-2.79,-2.04,0.21,0.01,30.00,-30.00,30.00,-30.00,
-2.79,-2.04,0.21,0.01,30.00,-30.00,30.00,-30.00,
-2.80,-2.04,0.22,0.01,30.00,-30.00,30.00,-30.00,
-2.81,-2.04,0.22,0.01,30.00,-30.00,30.00,-30.00,
-2.81,-2.04,0.22,0.01,30.00,-30.00,30.00,-30.00,
-2.82,-2.04,0.22,0.01,30.00,-30.00,30.00,-30.00,
-2.83,-2.05,0.22,0.01,30.00,-30.00,30.00,-30.00,
-2.83,-2.05,0.22,0.01,30.00,-30.00,30.00,-30.00,
-2.84,-2.05,0.22,0.01,30.00,-30.00,30.00,-30.00,
-2.85,-2.06,0.22,0.01,30.00,-30.00,30.00,-30.00,
-2.85,-2.07,0.23,0.01,30.00,-30.00,30.00,-30.00,
-2.86,-2.07,0.23,0.01,30.00,-30.00,30.00,-30.00,
-2.86,-2.08,0.22,0.01,30.00,-30.00,30.00,-30.00,
-2.87,-2.08,0.22,0.01,30.00,-30.00,30.00,-30.00,
-2.87,-2.08,0.22,0.01,30.00,-30.00,30.00,-30.00,
-2.88,-2.09,0.22,0.01,30.00,-30.00,30.00,-30.00,
-2.88,-2.09,0.22,0.01,30.00,-30.00,30.00,-30.00,
-2.88,-2.09,0.22,0.01,30.00,-30.00,30.00,-30.00,
-2.89,-2.09,0.22,0.01,30.00,-30.00,30.00,-30.00,
-2.89,-2.09,0.22,0.01,30.00,-30.00,30.00,-30.00,
-2.90,-2.10,0.22,0.01,30.00,-30.00,30.00,-30.00,
-2.90,-2.10,0.22,0.01,30.00,-30.00,30.00,-30.00,
-2.90,-2.10,0.22,0.01,30.00,-30.00,30.00,-30.00,
-2.91,-2.10,0.22,0.01,30.00,-30.00,30.00,-30.00,
-2.91,-2.10,0.22,0.01,30.00,-30.00,30.00,-30.00,
-2.92,-2.10,0.23,0.01,30.00,-30.00,30.00,-30.00,
-2.92,-2.10,0.23,0.01,30.00,-30.00,30.00,-30.00,
-2.93,-2.10,0.23,0.01,30.00,-30.00,30.00,-30.00,
-2.94,-2.10,0.23,0.01,30.00,-30.00,30.00,-30.00,
-2.94,-2.11,0.23,0.01,30.00,-30.00,30.00,-30.00,
-2.95,-2.11,0.24,0.01,30.00,-30.00,30.00,-30.00,
-2.95,-2.11,0.24,0.01,30.00,-30.00,30.00,-30.00,
-2.96,-2.12,0.24,0.01,30.00,-30.00,30.00,-30.00,
-2.96,-2.12,0.24,0.01,30.00,-30.00,30.00,-30.00,
-2.96,-2.13,0.24,0.01,30.00,-30.00,30.00,-30.00,
-2.97,-2.13,0.24,0.01,30.00,-30.00,30.00,-30.00,
-2.97,-2.13,0.23,0.01,30.00,-30.00,30.00,-30.00,
-2.98,-2.14,0.23,0.01,30.00,-30.00,30.00,-30.00,
-2.98,-2.14,0.23,0.01,30.00,-30.00,30.00,-30.00,
-2.98,-2.14,0.23,0.01,30.00,-30.00,30.00,-30.00,
-2.99,-2.14,0.24,0.01,30.00,-30.00,30.00,-30.00,
-2.99,-2.14,0.24,0.01,30.00,-30.00,30.00,-30.00,
-3.00,-2.14,0.24,0.01,30.00,-30.00,30.00,-30.00,
-3.00,-2.14,0.24,0.01,30.00,-30.00,30.00,-30.00,
-3.00,-2.14,0.24,0.01,30.00,-30.00,30.00,-30.00,
-3.01,-2.14,0.24,0.01,30.00,-30.00,30.00,-30.00,
-3.01,-2.15,0.24,0.01,30.00,-30.00,30.00,-30.00,
-3.02,-2.15,0.25,0.01,30.00,-30.00,30.00,-30.00,
-3.03,-2.15,0.25,0.01,30.00,-30.00,30.00,-30.00,
-3.03,-2.15,0.25,0.01,30.00,-30.00,30.00,-30.00,
-3.04,-2.15,0.25,0.01,30.00,-30.00,30.00,-30.00,
-3.04,-2.16,0.25,0.01,30.00,-30.00,30.00,-30.00,
-3.05,-2.16,0.25,0.01,30.00,-30.00,30.00,-30.00,
-3.05,-2.16,0.25,0.01,30.00,-30.00,30.00,-30.00,
-3.06,-2.17,0.25,0.01,30.00,-30.00,30.00,-30.00,
-3.06,-2.17,0.25,0.01,30.00,-30.00,30.00,-30.00,
-3.06,-2.17,0.25,0.01,30.00,-30.00,30.00,-30.00,
-3.07,-2.18,0.25,0.01,30.00,-30.00,30.00,-30.00,
-3.07,-2.18,0.25,0.01,30.00,-30.00,30.00,-30.00,
-3.07,-2.18,0.25,0.01,30.00,-30.00,30.00,-30.00,
-3.08,-2.18,0.25,0.01,30.00,-30.00,30.00,-30.00,
-3.08,-2.18,0.25,0.01,30.00,-30.00,30.00,-30.00,
-3.08,-2.19,0.25,0.01,30.00,-30.00,30.00,-30.00,
-3.09,-2.19,0.25,0.01,30.00,-30.00,30.00,-30.00,
-3.09,-2.19,0.25,0.01,30.00,-30.00,30.00,-30.00,
-3.09,-2.19,0.25,0.01,30.00,-30.00,30.00,-30.00,
-3.10,-2.19,0.25,0.01,30.00,-30.00,30.00,-30.00,
-3.10,-2.19,0.25,0.01,30.00,-30.00,30.00,-30.00,
-3.11,-2.19,0.25,0.01,30.00,-30.00,30.00,-30.00,
-3.11,-2.20,0.26,0.01,30.00,-30.00,30.00,-30.00,
-3.12,-2.20,0.26,0.01,30.00,-30.00,30.00,-30.00,
-3.12,-2.20,0.26,0.01,30.00,-30.00,30.00,-30.00,
-3.12,-2.20,0.26,0.01,30.00,-30.00,30.00,-30.00,
-3.13,-2.20,0.26,0.01,30.00,-30.00,30.00,-30.00,
-3.13,-2.21,0.26,0.01,30.00,-30.00,30.00,-30.00,
-3.14,-2.21,0.26,0.01,30.00,-30.00,30.00,-30.00,
-3.14,-2.21,0.26,0.01,30.00,-30.00,30.00,-30.00,
-3.14,-2.21,0.26,0.01,30.00,-30.00,30.00,-30.00,
-3.15,-2.22,0.26,0.01,30.00,-30.00,30.00,-30.00,
-3.15,-2.22,0.26,0.01,30.00,-30.00,30.00,-30.00,
-3.15,-2.22,0.26,0.01,30.00,-30.00,30.00,-30.00,
-3.16,-2.22,0.26,0.01,30.00,-30.00,30.00,-30.00,
-3.16,-2.22,0.26,0.01,30.00,-30.00,30.00,-30.00,
-3.16,-2.22,0.26,0.01,30.00,-30.00,30.00,-30.00,
-3.16,-2.22,0.26,0.01,30.00,-30.00,30.00,-30.00,
-3.17,-2.22,0.26,0.01,30.00,-30.00,30.00,-30.00,
-3.17,-2.23,0.26,0.01,30.00,-30.00,30.00,-30.00,
-3.17,-2.23,0.26,0.01,30.00,-30.00,30.00,-30.00,
-3.18,-2.23,0.26,0.01,30.00,-30.00,30.00,-30.00,
-3.18,-2.23,0.26,0.01,30.00,-30.00,30.00,-30.00,
-3.18,-2.23,0.27,0.01,30.00,-30.00,30.00,-30.00,
-3.19,-2.23,0.27,0.01,30.00,-30.00,30.00,-30.00,
-3.19,-2.23,0.27,0.01,30.00,-30.00,30.00,-30.00,
-3.20,-2.23,0.27,0.01,30.00,-30.00,30.00,-30.00,
-3.20,-2.24,0.27,0.01,30.00,-30.00,30.00,-30.00,
-3.21,-2.24,0.27,0.01,30.00,-30.00,30.00,-30.00,
-3.21,-2.24,0.27,0.01,30.00,-30.00,30.00,-30.00,
-3.21,-2.25,0.27,0.01,30.00,-30.00,30.00,-30.00,
-3.22,-2.25,0.27,0.01,30.00,-30.00,30.00,-30.00,
-3.22,-2.25,0.27,0.01,30.00,-30.00,30.00,-30.00,
-3.22,-2.25,0.27,0.01,30.00,-30.00,30.00,-30.00,
-3.23,-2.25,0.27,0.01,30.00,-30.00,30.00,-30.00,
-3.23,-2.26,0.27,0.01,30.00,-30.00,30.00,-30.00,
-3.23,-2.26,0.27,0.01,30.00,-30.00,30.00,-30.00,
-3.24,-2.26,0.27,0.01,30.00,-30.00,30.00,-30.00,
-3.24,-2.26,0.27,0.01,30.00,-30.00,30.00,-30.00,
-3.24,-2.26,0.27,0.01,30.00,-30.00,30.00,-30.00,
-3.24,-2.26,0.27,0.01,30.00,-30.00,30.00,-30.00,
-3.25,-2.26,0.27,0.01,30.00,-30.00,30.00,-30.00,
-3.25,-2.26,0.27,0.01,30.00,-30.00,30.00,-30.00,
-3.25,-2.27,0.27,0.01,30.00,-30.00,30.00,-30.00,
-3.26,-2.26,0.28,0.01,30.00,-30.00,30.00,-30.00,
-3.26,-2.27,0.28,0.01,30.00,-30.00,30.00,-30.00,
-3.27,-2.27,0.28,0.01,30.00,-30.00,30.00,-30.00,
-3.27,-2.27,0.28,0.01,30.00,-30.00,30.00,-30.00,
-3.27,-2.27,0.28,0.01,30.00,-30.00,30.00,-30.00,
-3.28,-2.27,0.28,0.01,30.00,-30.00,30.00,-30.00,
-3.28,-2.28,0.28,0.01,30.00,-30.00,30.00,-30.00,
-3.28,-2.28,0.28,0.01,30.00,-30.00,30.00,-30.00,
-3.29,-2.28,0.28,0.01,30.00,-30.00,30.00,-30.00,
-3.29,-2.28,0.28,0.01,30.00,-30.00,30.00,-30.00,
-3.29,-2.28,0.28,0.01,30.00,-30.00,30.00,-30.00,
-3.29,-2.28,0.28,0.01,30.00,-30.00,30.00,-30.00,
-3.30,-2.29,0.28,0.01,30.00,-30.00,30.00,-30.00,
-3.30,-2.29,0.28,0.01,30.00,-30.00,30.00,-30.00,
-3.30,-2.29,0.28,0.01,30.00,-30.00,30.00,-30.00,
-3.31,-2.29,0.28,0.01,30.00,-30.00,30.00,-30.00,
-3.31,-2.29,0.28,0.01,30.00,-30.00,30.00,-30.00,
-3.31,-2.29,0.28,0.01,30.00,-30.00,30.00,-30.00,
-3.31,-2.30,0.28,0.01,30.00,-30.00,30.00,-30.00,
-3.32,-2.30,0.28,0.01,30.00,-30.00,30.00,-30.00,
-3.32,-2.30,0.28,0.01,30.00,-30.00,30.00,-30.00,
-3.32,-2.30,0.28,0.01,30.00,-30.00,30.00,-30.00,
-3.33,-2.30,0.28,0.01,30.00,-30.00,30.00,-30.00,
-3.33,-2.31,0.29,0.01,30.00,-30.00,30.00,-30.00,
-3.34,-2.31,0.29,0.01,30.00,-30.00,30.00,-30.00,
-3.34,-2.31,0.29,0.01,30.00,-30.00,30.00,-30.00,
-3.34,-2.31,0.29,0.01,30.00,-30.00,30.00,-30.00,
-3.34,-2.31,0.29,0.01,30.00,-30.00,30.00,-30.00,
-3.34,-2.31,0.29,0.01,30.00,-30.00,30.00,-30.00,
-3.35,-2.32,0.29,0.01,30.00,-30.00,30.00,-30.00,
-3.35,-2.32,0.29,0.01,30.00,-30.00,30.00,-30.00,
-3.35,-2.32,0.29,0.01,30.00,-30.00,30.00,-30.00,
-3.36,-2.32,0.29,0.01,30.00,-30.00,30.00,-30.00,
-3.36,-2.32,0.29,0.01,30.00,-30.00,30.00,-30.00,
-3.36,-2.32,0.29,0.01,30.00,-30.00,30.00,-30.00,
-3.36,-2.33,0.30,0.01,30.00,-30.00,30.00,-30.00,
-3.36,-2.33,0.30,0.01,30.00,-30.00,30.00,-30.00,
-3.37,-2.33,0.29,0.01,30.00,-30.00,30.00,-30.00,
-3.37,-2.33,0.29,0.01,30.00,-30.00,30.00,-30.00,
-3.37,-2.33,0.30,0.01,30.00,-30.00,30.00,-30.00,
-3.37,-2.33,0.30,0.01,30.00,-30.00,30.00,-30.00,
-3.38,-2.33,0.30,0.01,30.00,-30.00,30.00,-30.00,
-3.38,-2.33,0.30,0.01,30.00,-30.00,30.00,-30.00,
-3.38,-2.34,0.30,0.01,30.00,-30.00,30.00,-30.00,
-3.38,-2.34,0.30,0.01,30.00,-30.00,30.00,-30.00,
-3.38,-2.34,0.30,0.01,30.00,-30.00,30.00,-30.00,
-3.39,-2.34,0.30,0.01,30.00,-30.00,30.00,-30.00,
-3.39,-2.34,0.30,0.01,30.00,-30.00,30.00,-30.00,
-3.40,-2.34,0.30,0.01,30.00,-30.00,30.00,-30.00,
-3.40,-2.34,0.31,0.01,30.00,-30.00,30.00,-30.00,
-3.40,-2.34,0.31,0.01,30.00,-30.00,30.00,-30.00,
-3.40,-2.35,0.31,0.01,30.00,-30.00,30.00,-30.00,
-3.40,-2.35,0.31,0.01,30.00,-30.00,30.00,-30.00,
-3.41,-2.35,0.31,0.01,30.00,-30.00,30.00,-30.00,
-3.41,-2.35,0.31,0.01,30.00,-30.00,30.00,-30.00,
-3.41,-2.35,0.31,0.01,30.00,-30.00,30.00,-30.00,
-3.41,-2.35,0.31,0.01,30.00,-30.00,30.00,-30.00,
-3.42,-2.35,0.31,0.01,30.00,-30.00,30.00,-30.00,
-3.42,-2.35,0.31,0.01,30.00,-30.00,30.00,-30.00,
-3.42,-2.35,0.31,0.01,30.00,-30.00,30.00,-30.00,
-3.42,-2.35,0.31,0.01,30.00,-30.00,30.00,-30.00,
-3.42,-2.35,0.31,0.01,30.00,-30.00,30.00,-30.00,
-3.43,-2.36,0.31,0.01,30.00,-30.00,30.00,-30.00,
-3.43,-2.36,0.32,0.01,30.00,-30.00,30.00,-30.00,
-3.43,-2.36,0.32,0.01,30.00,-30.00,30.00,-30.00,
-3.43,-2.36,0.32,0.01,30.00,-30.00,30.00,-30.00,
-3.44,-2.36,0.32,0.01,30.00,-30.00,30.00,-30.00,
-3.44,-2.36,0.32,0.01,30.00,-30.00,30.00,-30.00,
-3.44,-2.36,0.32,0.01,30.00,-30.00,30.00,-30.00,
-3.44,-2.36,0.32,0.01,30.00,-30.00,30.00,-30.00,
-3.45,-2.37,0.32,0.01,30.00,-30.00,30.00,-30.00,
-3.45,-2.37,0.32,0.01,30.00,-30.00,30.00,-30.00,
-3.45,-2.37,0.32,0.01,30.00,-30.00,30.00,-30.00,
-3.45,-2.37,0.32,0.01,30.00,-30.00,30.00,-30.00,
-3.45,-2.37,0.32,0.01,30.00,-30.00,30.00,-30.00,
-3.45,-2.37,0.32,0.01,30.00,-30.00,30.00,-30.00,
-3.45,-2.37,0.32,0.01,30.00,-30.00,30.00,-30.00,
-3.46,-2.37,0.33,0.01,30.00,-30.00,30.00,-30.00,
-3.46,-2.37,0.33,0.01,30.00,-30.00,30.00,-30.00,
-3.46,-2.37,0.33,0.01,30.00,-30.00,30.00,-30.00,
-3.46,-2.37,0.33,0.01,-30.00,30.00,-30.00,30.00,
-3.46,-2.36,0.33,0.01,-30.00,30.00,-30.00,30.00,
-3.46,-2.36,0.33,0.01,30.00,-30.00,30.00,-30.00,
-3.46,-2.36,0.33,0.01,-30.00,30.00,-30.00,30.00,
-3.46,-2.36,0.33,0.01,-30.00,30.00,-30.00,30.00,
-3.46,-2.36,0.33,0.01,30.00,-30.00,30.00,-30.00,
-3.47,-2.36,0.34,0.01,-30.00,30.00,-30.00,30.00,
-3.47,-2.36,0.34,0.01,-30.00,30.00,-30.00,30.00,
-3.47,-2.36,0.34,0.01,-30.00,30.00,-30.00,30.00,
-3.47,-2.36,0.34,0.01,-30.00,30.00,-30.00,30.00,
-3.47,-2.36,0.34,0.01,-30.00,30.00,-30.00,30.00,
-3.47,-2.36,0.34,0.01,-30.00,30.00,-30.00,30.00,
-3.47,-2.36,0.34,0.01,-30.00,30.00,-30.00,30.00,
-3.48,-2.36,0.34,0.01,-30.00,30.00,-30.00,30.00,
-3.48,-2.36,0.34,0.01,-30.00,30.00,-30.00,30.00,
-3.48,-2.37,0.34,0.01,-30.00,30.00,-30.00,30.00,
-3.48,-2.36,0.34,0.01,-30.00,30.00,-30.00,30.00,
-3.48,-2.36,0.34,0.01,-30.00,30.00,-30.00,30.00,
-3.48,-2.36,0.34,0.01,-30.00,30.00,-30.00,30.00,
-3.49,-2.37,0.34,0.01,-30.00,30.00,-30.00,30.00,
-3.49,-2.37,0.34,0.01,-30.00,30.00,-30.00,30.00,
-3.49,-2.36,0.34,0.01,-30.00,30.00,-30.00,30.00,
-3.49,-2.36,0.34,0.01,-30.00,30.00,-30.00,30.00,
-3.49,-2.37,0.34,0.01,-30.00,30.00,-30.00,30.00,
-3.49,-2.37,0.34,0.01,30.00,-30.00,30.00,-30.00,
-3.49,-2.37,0.34,0.01,-30.00,30.00,-30.00,30.00,
-3.49,-2.37,0.35,0.01,-30.00,30.00,-30.00,30.00,
-3.49,-2.37,0.35,0.01,-30.00,30.00,-30.00,30.00,
-3.50,-2.37,0.35,0.01,-30.00,30.00,-30.00,30.00,
-3.50,-2.37,0.35,0.01,-30.00,30.00,-30.00,30.00,
-3.50,-2.37,0.35,0.01,-30.00,30.00,-30.00,30.00,
-3.50,-2.37,0.35,0.01,-30.00,30.00,-30.00,30.00,
-3.51,-2.37,0.35,0.01,-30.00,30.00,-30.00,30.00,
-3.51,-2.38,0.35,0.01,-30.00,30.00,-30.00,30.00,
-3.51,-2.38,0.35,0.01,30.00,-30.00,30.00,-30.00,
-3.52,-2.38,0.35,0.01,-30.00,30.00,-30.00,30.00,
-3.52,-2.39,0.35,0.01,-30.00,30.00,-30.00,30.00,
-3.53,-2.39,0.35,0.01,-30.00,30.00,-30.00,30.00,
-3.53,-2.40,0.36,0.01,-30.00,30.00,-30.00,30.00,
-3.53,-2.40,0.36,0.01,-30.00,30.00,-30.00,30.00,
-3.54,-2.40,0.36,0.01,30.00,30.00,30.00,30.00,
-3.54,-2.41,0.36,0.01,-30.00,30.00,-30.00,30.00,
-3.54,-2.41,0.36,0.01,30.00,-30.00,30.00,-30.00,
-3.55,-2.41,0.36,0.01,-30.00,30.00,-30.00,30.00,
-3.55,-2.42,0.36,0.01,30.00,-30.00,30.00,-30.00,
-3.56,-2.42,0.36,0.01,-30.00,30.00,-30.00,30.00,
-3.56,-2.42,0.36,0.01,30.00,-30.00,30.00,-30.00,
-3.56,-2.42,0.36,0.01,30.00,30.00,30.00,30.00,
-3.56,-2.42,0.36,0.01,30.00,-30.00,30.00,-30.00,
-3.56,-2.42,0.36,0.01,30.00,-30.00,30.00,-30.00,
-3.56,-2.42,0.36,0.01,30.00,30.00,30.00,30.00,
-3.56,-2.41,0.36,0.01,30.00,30.00,30.00,30.00,
-3.56,-2.41,0.36,0.01,30.00,-30.00,30.00,-30.00,
-3.56,-2.41,0.36,0.01,30.00,-30.00,30.00,-30.00,
-3.56,-2.41,0.36,0.01,30.00,30.00,30.00,30.00,
-3.57,-2.42,0.37,0.01,30.00,-30.00,30.00,-30.00,
-3.58,-2.43,0.37,0.01,30.00,-30.00,30.00,-30.00,
-3.58,-2.43,0.37,0.01,30.00,-30.00,30.00,-30.00,
-3.58,-2.43,0.37,0.01,30.00,-30.00,30.00,-30.00,
-3.58,-2.43,0.37,0.01,30.00,-30.00,30.00,-30.00,
-3.59,-2.43,0.37,0.01,30.00,-30.00,30.00,-30.00,
-3.59,-2.43,0.37,0.01,30.00,-30.00,30.00,-30.00,
-3.59,-2.43,0.37,0.01,30.00,-30.00,30.00,-30.00,
-3.59,-2.43,0.37,0.01,30.00,-30.00,30.00,-30.00,
-3.59,-2.43,0.37,0.01,30.00,-30.00,30.00,-30.00,
-3.59,-2.43,0.37,0.01,30.00,-30.00,30.00,-30.00,
-3.59,-2.43,0.38,0.01,30.00,-30.00,30.00,-30.00,
-3.59,-2.43,0.38,0.01,30.00,-30.00,30.00,-30.00,
-3.59,-2.43,0.38,0.01,30.00,-30.00,30.00,-30.00,
-3.59,-2.43,0.38,0.01,30.00,-30.00,30.00,-30.00,
-3.59,-2.43,0.38,0.01,30.00,-30.00,30.00,-30.00,
-3.59,-2.43,0.38,0.01,30.00,-30.00,30.00,-30.00,
-3.59,-2.43,0.38,0.01,30.00,-30.00,30.00,-30.00,
-3.60,-2.43,0.38,0.01,30.00,-30.00,30.00,-30.00,
-3.60,-2.43,0.38,0.01,30.00,-30.00,30.00,-30.00,
-3.60,-2.43,0.38,0.01,30.00,-30.00,30.00,-30.00,
-3.60,-2.44,0.38,0.01,30.00,-30.00,30.00,-30.00,
-3.61,-2.44,0.38,0.01,30.00,-30.00,30.00,-30.00,
-3.61,-2.44,0.38,0.01,30.00,-30.00,30.00,-30.00,
-3.61,-2.44,0.38,0.01,30.00,-30.00,30.00,-30.00,
-3.61,-2.44,0.38,0.01,30.00,-30.00,30.00,-30.00,
-3.62,-2.44,0.38,0.01,30.00,-30.00,30.00,-30.00,
-3.62,-2.44,0.38,0.01,30.00,-30.00,30.00,-30.00,
-3.62,-2.44,0.38,0.01,30.00,-30.00,30.00,-30.00,
-3.62,-2.44,0.39,0.01,30.00,-30.00,30.00,-30.00,
-3.62,-2.44,0.39,0.01,30.00,-30.00,30.00,-30.00,
-3.62,-2.44,0.39,0.01,30.00,-30.00,30.00,-30.00,
-3.62,-2.44,0.39,0.01,30.00,-30.00,30.00,-30.00,
-3.62,-2.44,0.39,0.01,30.00,-30.00,30.00,-30.00,
-3.62,-2.44,0.39,0.01,30.00,-30.00,30.00,-30.00,
-3.63,-2.44,0.39,0.01,30.00,-30.00,30.00,-30.00,
-3.63,-2.44,0.39,0.01,30.00,-30.00,30.00,-30.00,
-3.63,-2.45,0.40,0.01,30.00,-30.00,30.00,-30.00,
-3.64,-2.45,0.40,0.01,30.00,-30.00,30.00,-30.00,
-3.64,-2.45,0.40,0.01,30.00,-30.00,30.00,-30.00,
-3.64,-2.45,0.40,0.01,30.00,-30.00,30.00,-30.00,
-3.64,-2.45,0.40,0.01,30.00,-30.00,30.00,-30.00,
-3.64,-2.45,0.40,0.01,30.00,-30.00,30.00,-30.00,
-3.65,-2.45,0.40,0.01,30.00,-30.00,30.00,-30.00,
-3.65,-2.45,0.40,0.01,30.00,-30.00,30.00,-30.00,
-3.65,-2.45,0.40,0.01,30.00,-30.00,30.00,-30.00,
-3.65,-2.45,0.40,0.01,30.00,-30.00,30.00,-30.00,
-3.65,-2.45,0.40,0.01,30.00,-30.00,30.00,-30.00,
-3.65,-2.45,0.40,0.01,30.00,-30.00,30.00,-30.00,
-3.65,-2.45,0.40,0.01,30.00,-30.00,30.00,-30.00,
-3.65,-2.45,0.41,0.01,30.00,-30.00,30.00,-30.00,
-3.65,-2.45,0.41,0.01,30.00,-30.00,30.00,-30.00,
-3.66,-2.46,0.41,0.01,30.00,-30.00,30.00,-30.00,
-3.66,-2.46,0.41,0.01,30.00,-30.00,30.00,-30.00,
-3.66,-2.46,0.41,0.01,30.00,-30.00,30.00,-30.00,
-3.66,-2.46,0.41,0.01,30.00,-30.00,30.00,-30.00,
-3.66,-2.46,0.41,0.01,30.00,-30.00,30.00,-30.00,
-3.66,-2.46,0.41,0.01,30.00,-30.00,30.00,-30.00,
-3.66,-2.46,0.41,0.01,30.00,-30.00,30.00,-30.00,
-3.67,-2.46,0.41,0.01,30.00,-30.00,30.00,-30.00,
-3.67,-2.46,0.41,0.01,30.00,-30.00,30.00,-30.00,
-3.67,-2.46,0.41,0.01,30.00,-30.00,30.00,-30.00,
-3.67,-2.46,0.41,0.01,30.00,-30.00,30.00,-30.00,
-3.67,-2.46,0.41,0.01,30.00,-30.00,30.00,-30.00,
-3.68,-2.47,0.43,0.01,30.00,-30.00,30.00,-30.00,
-3.69,-2.47,0.43,0.01,30.00,-30.00,30.00,-30.00,
-3.69,-2.47,0.43,0.01,30.00,-30.00,30.00,-30.00,
-3.69,-2.47,0.43,0.01,30.00,-30.00,30.00,-30.00,
-3.69,-2.47,0.43,0.01,30.00,-30.00,30.00,-30.00,
-3.69,-2.47,0.43,0.01,30.00,-30.00,30.00,-30.00,
-3.69,-2.47,0.43,0.01,30.00,-30.00,30.00,-30.00,
-3.69,-2.47,0.43,0.01,30.00,-30.00,30.00,-30.00,
-3.69,-2.47,0.43,0.01,30.00,-30.00,30.00,-30.00,
-3.69,-2.47,0.43,0.01,30.00,-30.00,30.00,-30.00,
-3.69,-2.47,0.43,0.01,30.00,-30.00,30.00,-30.00,
-3.70,-2.48,0.43,0.01,30.00,-30.00,30.00,-30.00,
-3.70,-2.48,0.43,0.01,30.00,-30.00,30.00,-30.00,
-3.70,-2.48,0.43,0.01,30.00,-30.00,30.00,-30.00,
-3.70,-2.48,0.43,0.01,30.00,-30.00,30.00,-30.00,
-3.70,-2.48,0.43,0.01,30.00,-30.00,30.00,-30.00,
-3.70,-2.48,0.44,0.01,30.00,-30.00,30.00,-30.00,
-3.71,-2.48,0.44,0.01,30.00,-30.00,30.00,-30.00,
-3.71,-2.48,0.44,0.01,30.00,-30.00,30.00,-30.00,
-3.71,-2.48,0.44,0.01,30.00,-30.00,30.00,-30.00,
-3.71,-2.48,0.44,0.01,30.00,-30.00,30.00,-30.00,
-3.71,-2.49,0.44,0.01,30.00,-30.00,30.00,-30.00,
-3.71,-2.49,0.44,0.01,30.00,-30.00,30.00,-30.00,
-3.71,-2.49,0.44,0.01,30.00,-30.00,30.00,-30.00,
-3.71,-2.49,0.44,0.01,30.00,-30.00,30.00,-30.00,
-3.71,-2.49,0.45,0.01,30.00,-30.00,30.00,-30.00,
-3.71,-2.49,0.45,0.01,30.00,-30.00,30.00,-30.00,
-3.71,-2.49,0.44,0.01,30.00,-30.00,30.00,-30.00,
-3.71,-2.49,0.44,0.01,30.00,-30.00,30.00,-30.00,
-3.71,-2.49,0.44,0.01,30.00,-30.00,30.00,-30.00,
-3.71,-2.49,0.44,0.01,30.00,-30.00,30.00,-30.00,
-3.71,-2.49,0.45,0.01,30.00,-30.00,30.00,-30.00,
-3.71,-2.48,0.45,0.01,30.00,-30.00,30.00,-30.00,
-3.71,-2.49,0.44,0.01,30.00,-30.00,30.00,-30.00,
-3.71,-2.49,0.43,0.01,30.00,-30.00,30.00,-30.00,
-3.72,-2.49,0.43,0.01,30.00,-30.00,30.00,-30.00,
-3.72,-2.49,0.43,0.01,30.00,-30.00,30.00,-30.00,
-3.72,-2.50,0.44,0.01,30.00,-30.00,30.00,-30.00,
-3.73,-2.50,0.45,0.01,30.00,-30.00,30.00,-30.00,
-3.73,-2.50,0.46,0.01,30.00,-30.00,30.00,-30.00,
-3.73,-2.50,0.45,0.01,30.00,-30.00,30.00,-30.00,
-3.74,-2.50,0.45,0.01,30.00,-30.00,30.00,-30.00,
-3.74,-2.50,0.45,0.01,30.00,-30.00,30.00,-30.00,
-3.74,-2.50,0.45,0.01,30.00,-30.00,30.00,-30.00,
-3.74,-2.49,0.46,0.01,30.00,-30.00,30.00,-30.00,
-3.74,-2.49,0.46,0.01,30.00,-30.00,30.00,-30.00,
-3.73,-2.49,0.46,0.01,30.00,-30.00,30.00,-30.00,
-3.73,-2.48,0.46,0.01,30.00,-30.00,30.00,-30.00,
-3.73,-2.49,0.45,0.01,30.00,-30.00,30.00,-30.00,
-3.73,-2.48,0.45,0.01,30.00,-30.00,30.00,-30.00,
-3.73,-2.48,0.45,0.01,30.00,-30.00,30.00,-30.00,
-3.73,-2.48,0.46,0.01,30.00,-30.00,30.00,-30.00,
-3.73,-2.48,0.46,0.01,30.00,-30.00,30.00,-30.00,
-3.73,-2.48,0.45,0.01,30.00,-30.00,30.00,-30.00,
-3.73,-2.48,0.45,0.01,30.00,-30.00,30.00,-30.00,
-3.73,-2.48,0.45,0.01,30.00,-30.00,30.00,-30.00,
-3.73,-2.48,0.46,0.01,30.00,-30.00,30.00,-30.00,
-3.73,-2.48,0.46,0.01,30.00,-30.00,30.00,-30.00,
-3.73,-2.48,0.46,0.01,30.00,-30.00,30.00,-30.00,
-3.73,-2.48,0.45,0.01,30.00,-30.00,30.00,-30.00,
-3.74,-2.48,0.46,0.01,30.00,-30.00,30.00,-30.00,
-3.74,-2.48,0.46,0.01,30.00,-30.00,30.00,-30.00,
-3.75,-2.48,0.47,0.01,30.00,-30.00,30.00,-30.00,
-3.75,-2.49,0.47,0.01,30.00,-30.00,30.00,-30.00,
-3.75,-2.48,0.47,0.01,30.00,-30.00,30.00,-30.00,
-3.75,-2.48,0.47,0.01,30.00,-30.00,30.00,-30.00,
-3.75,-2.48,0.47,0.01,30.00,-30.00,30.00,-30.00,
-3.75,-2.47,0.48,0.01,30.00,-30.00,30.00,-30.00,
-3.75,-2.47,0.48,0.01,30.00,-30.00,30.00,-30.00,
-3.75,-2.46,0.47,0.01,30.00,-30.00,30.00,-30.00,
-3.75,-2.46,0.47,0.01,30.00,-30.00,30.00,-30.00,
-3.75,-2.46,0.47,0.01,30.00,-30.00,30.00,-30.00,
-3.75,-2.46,0.48,0.01,30.00,-30.00,30.00,-30.00,
-3.75,-2.46,0.48,0.01,30.00,-30.00,30.00,-30.00,
-3.76,-2.46,0.48,0.01,30.00,-30.00,30.00,-30.00,
-3.76,-2.47,0.48,0.01,30.00,-30.00,30.00,-30.00,
-3.76,-2.47,0.53,0.01,30.00,-30.00,30.00,-30.00,
-3.75,-2.48,0.61,0.01,30.00,-30.00,30.00,-30.00,
-3.76,-2.51,0.52,0.01,30.00,-30.00,30.00,-30.00,
-3.79,-2.53,0.42,0.01,30.00,-30.00,30.00,-30.00,
-3.78,-2.52,0.46,0.01,30.00,-30.00,30.00,-30.00,
-3.79,-2.52,0.48,0.01,30.00,-30.00,30.00,-30.00,
-3.76,-2.49,0.66,0.01,-30.00,30.00,30.00,-30.00,
-3.74,-2.47,0.81,0.01,-30.00,30.00,30.00,-30.00,
-3.73,-2.49,0.65,2.01,30.00,-30.00,-30.00,-30.00,
-3.74,-2.50,0.46,2.01,30.00,-30.00,-30.00,30.00,
-3.76,-2.53,0.27,2.01,30.00,-30.00,30.00,30.00,
-3.72,-2.53,0.33,2.01,30.00,-30.00,30.00,-30.00,
-3.72,-2.50,0.40,2.01,30.00,30.00,30.00,-30.00,
-3.73,-2.51,0.45,2.01,30.00,-30.00,30.00,-30.00,
-3.75,-2.49,0.40,1.40,30.00,-30.00,30.00,-30.00,
-3.77,-2.53,0.37,1.40,30.00,-30.00,30.00,-30.00,
-3.76,-2.53,0.46,1.40,30.00,-30.00,30.00,-30.00,
-3.75,-2.51,0.47,1.40,30.00,-30.00,30.00,-30.00,
-3.77,-2.54,0.44,1.40,30.00,-30.00,30.00,-30.00,
-3.76,-2.53,0.42,2.98,30.00,-30.00,30.00,-30.00,
-3.76,-2.53,0.39,2.98,30.00,-30.00,30.00,-30.00,
-3.76,-2.51,0.43,2.98,30.00,-30.00,30.00,-30.00,
-3.73,-2.50,0.44,2.09,30.00,-30.00,30.00,-30.00,
-3.73,-2.49,0.40,2.09,30.00,-30.00,30.00,-30.00,
-3.72,-2.48,0.39,2.09,30.00,-30.00,30.00,-30.00,
-3.71,-2.47,0.40,2.09,30.00,-30.00,30.00,-30.00,
-3.70,-2.45,0.40,2.09,30.00,-30.00,30.00,-30.00,
-3.69,-2.44,0.40,1.46,30.00,-30.00,30.00,-30.00,
-3.70,-2.44,0.48,1.46,30.00,-30.00,30.00,-30.00,
-3.70,-2.43,0.47,1.46,30.00,-30.00,30.00,-30.00,
-3.71,-2.43,0.37,1.46,30.00,-30.00,30.00,30.00,
-3.77,-2.45,0.23,1.46,30.00,-30.00,30.00,-30.00,
-3.75,-2.46,0.22,1.02,30.00,-30.00,30.00,-30.00,
-3.76,-2.50,0.20,1.02,30.00,-30.00,30.00,-30.00,
-3.74,-2.45,0.46,1.02,-30.00,30.00,30.00,-30.00,
-3.73,-2.43,0.46,1.02,30.00,-30.00,30.00,-30.00,
-3.73,-2.44,0.23,1.02,30.00,-30.00,-30.00,30.00,
-3.67,-2.39,0.03,4.72,30.00,-30.00,-30.00,30.00,
-3.65,-2.40,-0.06,4.72,30.00,-30.00,30.00,-30.00,
-3.66,-2.40,-0.14,4.72,30.00,-30.00,30.00,-30.00,
-3.70,-2.47,-0.31,4.72,30.00,-30.00,30.00,-30.00,
-3.75,-2.40,-0.55,4.72,30.00,-30.00,30.00,30.00,
-3.76,-2.48,-0.81,7.30,30.00,-30.00,-30.00,30.00,
-3.75,-2.53,-1.07,7.30,30.00,-30.00,-30.00,30.00,
-3.80,-2.57,-1.40,7.30,30.00,-30.00,-30.00,30.00,
-3.78,-2.57,-1.70,7.30,30.00,-30.00,-30.00,30.00,
-3.80,-2.69,-1.92,7.30,30.00,-30.00,-30.00,-30.00,
-3.73,-2.82,-1.99,29.11,30.00,-30.00,-30.00,-30.00,
-3.60,-2.86,-1.90,29.11,-30.00,-30.00,-30.00,-30.00,
-3.44,-2.79,-1.73,29.11,-30.00,30.00,-30.00,-30.00,
-3.32,-2.62,-1.55,29.11,-30.00,30.00,30.00,30.00,
-3.33,-2.46,-1.41,29.11,30.00,30.00,30.00,30.00,
-3.46,-2.54,-1.37,56.38,30.00,-30.00,30.00,-30.00,
-3.46,-2.71,-1.44,56.38,30.00,-30.00,4.77,-30.00,
-3.38,-2.58,-1.50,56.38,12.18,8.51,-20.03,30.00,
-3.49,-2.62,-1.52,56.38,30.00,-30.00,30.00,-30.00,
-3.45,-2.77,-1.55,56.38,16.98,-30.00,-2.23,-30.00,
-3.38,-2.59,-1.49,79.46,-1.72,30.00,2.59,21.01,
-3.49,-2.62,-1.40,79.46,30.00,-7.17,30.00,-22.07,
-3.37,-2.53,-1.35,79.46,-8.72,6.75,-6.41,4.61,
-3.49,-2.61,-1.31,79.46,30.00,-25.13,30.00,-30.00,
-3.38,-2.59,-1.32,79.46,-2.97,-7.68,-9.18,-1.79,
-3.49,-2.65,-1.31,99.63,23.78,-12.40,20.19,-10.77,
-3.38,-2.67,-1.33,99.63,-0.88,-9.10,-5.64,-3.72,
-3.50,-2.68,-1.29,99.63,23.18,-4.55,30.00,-5.85,
-3.37,-2.58,-1.29,99.63,-4.40,3.32,-6.32,5.17,
-3.49,-2.59,-1.25,99.63,23.19,-4.54,30.00,-5.77,
-3.36,-2.49,-1.26,115.74,-2.71,1.71,-5.05,3.97,
-3.45,-2.62,-1.28,115.74,13.03,-15.83,9.18,-11.42,
-3.40,-2.43,-1.28,115.74,1.98,8.66,0.52,10.70,
-3.38,-2.60,-1.30,115.74,4.35,-23.30,0.95,-15.02,
-3.41,-2.50,-1.28,115.74,6.24,3.06,6.16,3.14,
-3.31,-2.55,-1.30,127.02,-0.56,-6.52,-2.90,-3.87,
-3.39,-2.42,-1.27,127.02,8.70,3.90,8.90,3.74,
-3.30,-2.48,-1.30,127.02,-0.25,-7.55,-2.92,-4.40,
-3.43,-2.56,-1.26,127.02,11.33,-6.52,12.49,-7.44,
-3.34,-2.43,-1.23,127.02,-0.89,4.00,-1.01,4.14,
-3.41,-2.62,-1.22,136.91,6.85,-12.82,6.10,-11.84,
-3.45,-2.63,-1.15,136.91,6.21,-10.01,6.58,-10.46,
-3.49,-2.45,-1.09,136.91,3.80,6.74,5.51,4.95,
-3.41,-2.59,-1.08,136.91,-0.09,-9.58,-0.49,-9.02,
-3.52,-2.59,-1.04,141.84,7.60,-1.53,8.68,-2.38,
-3.40,-2.55,-1.04,141.84,-1.50,-0.93,-2.72,0.22,
-3.49,-2.66,-1.05,141.84,7.72,-8.09,6.35,-6.70,
-3.54,-2.61,-1.05,141.84,7.76,-6.15,7.28,-5.71,
-3.52,-2.45,-1.03,145.29,1.99,4.44,1.96,4.47,
-3.53,-2.62,-1.04,145.29,3.75,-10.70,2.35,-8.86,
-3.62,-2.50,-0.99,145.29,5.78,3.35,7.30,2.04,
-3.65,-2.61,-1.00,145.29,8.74,-3.40,8.57,-3.26,
-3.56,-2.53,-1.03,149.70,0.31,-0.12,-1.70,1.90,
-3.73,-2.53,-1.03,149.70,10.69,-2.27,9.83,-1.66,
-3.66,-2.44,-1.04,149.70,0.67,1.11,-0.34,2.17,
-3.72,-2.62,-1.03,149.70,5.38,-10.00,4.84,-9.34,
-3.74,-2.50,-0.99,149.70,2.84,3.08,3.57,2.35,
-3.64,-2.58,-1.01,150.79,0.01,-6.04,-1.55,-4.21,
-3.59,-2.46,-1.03,150.79,-0.68,-2.74,-2.84,-0.59,
-3.67,-2.57,-1.05,150.79,6.92,-6.88,5.38,-5.34,
-3.67,-2.45,-1.05,150.79,3.03,2.21,2.03,3.22,
-3.55,-2.45,-1.10,155.55,-0.36,-2.93,-2.76,-0.50,
-3.62,-2.54,-1.14,155.55,6.13,-6.32,3.80,-3.97,
-3.70,-2.48,-1.15,155.55,6.12,-0.16,4.89,0.86,
-3.65,-2.39,-1.17,155.55,1.22,0.70,-0.07,2.03,
-3.58,-2.47,-1.18,155.55,0.63,-5.02,-0.60,-3.61,
-3.58,-2.59,-1.19,160.89,2.81,-6.57,1.66,-5.24,
-3.65,-2.63,-1.19,160.89,5.10,-3.24,4.43,-2.62,
-3.67,-2.54,-1.16,160.89,2.74,1.58,2.91,1.42,
-3.61,-2.50,-1.15,160.89,0.81,-0.53,0.34,-0.07,
-3.65,-2.34,-1.12,160.89,3.43,3.58,3.84,3.17,
-3.64,-2.27,-1.10,170.62,1.67,0.63,1.56,0.74,
-3.62,-2.24,-1.10,170.62,1.84,-0.75,1.22,-0.15,
-3.67,-2.08,-1.08,170.62,3.46,3.20,3.24,3.42,
-3.65,-2.08,-1.12,170.62,2.26,-1.75,0.63,-0.15,
-3.65,-2.05,-1.13,170.62,2.54,-0.80,1.46,0.22,
-3.76,-1.92,-1.10,181.43,4.59,2.32,4.95,2.00,
-3.73,-2.02,-1.10,181.43,1.46,-3.94,0.85,-3.29,
-3.82,-2.09,-1.11,181.43,4.54,-3.08,3.74,-2.33,
-3.80,-2.17,-1.12,181.43,1.73,-3.52,1.03,-2.77,
-3.75,-2.28,-1.14,181.43,1.27,-4.60,0.13,-3.32,
-3.74,-2.28,-1.13,191.00,1.46,-0.97,1.23,-0.75,
-3.76,-2.19,-1.09,191.00,1.88,1.04,2.23,0.70,
-3.83,-2.22,-1.06,191.00,2.82,-1.97,2.25,-1.41,
-3.88,-2.27,-1.08,191.00,3.27,-2.51,2.41,-1.67,
-3.85,-2.32,-1.10,197.70,1.54,-2.36,0.52,-1.31,
-3.88,-2.29,-1.12,197.70,2.56,-0.71,1.74,0.07,
-3.92,-2.33,-1.14,197.70,2.83,-2.25,1.85,-1.29,
-3.99,-2.38,-1.16,197.70,3.70,-2.42,2.84,-1.60,
-3.97,-2.41,-1.17,197.70,1.46,-2.06,0.76,-1.35,
-4.02,-2.37,-1.16,206.39,2.64,-0.17,2.41,0.05,
-4.04,-2.36,-1.15,206.39,2.19,-0.92,1.81,-0.57,
-4.12,-2.40,-1.16,206.39,3.46,-1.94,2.81,-1.33,
-4.13,-2.47,-1.19,206.39,2.29,-2.85,1.27,-1.81,
-4.19,-2.42,-1.20,206.39,3.12,-0.27,2.35,0.43,
-4.24,-2.48,-1.23,212.47,2.88,-2.46,1.86,-1.45,
-4.27,-2.54,-1.24,212.47,2.42,-2.24,1.87,-1.69,
-4.26,-2.53,-1.24,212.47,1.57,-1.05,1.09,-0.57,
-4.30,-2.46,-1.22,212.47,2.22,0.35,2.15,0.42,
-4.38,-2.48,-1.19,212.47,2.99,-1.19,3.19,-1.38,
-4.37,-2.58,-1.16,216.73,1.33,-2.60,1.33,-2.60,
-4.36,-2.59,-1.14,216.73,1.22,-0.96,1.29,-1.02,
-4.42,-2.52,-1.11,216.73,2.58,0.29,2.64,0.24,
-4.55,-2.48,-1.13,216.73,4.24,-0.42,3.44,0.28,
-4.55,-2.59,-1.20,216.73,2.46,-3.76,0.83,-2.06,
-4.57,-2.60,-1.26,219.71,2.51,-1.77,0.98,-0.28,
-4.57,-2.58,-1.32,219.71,2.32,-1.09,0.94,0.24,
-4.65,-2.51,-1.36,219.71,3.50,-0.26,2.33,0.81,
-4.64,-2.53,-1.40,219.71,1.87,-1.82,0.73,-0.69,
-4.66,-2.50,-1.39,219.71,2.15,-0.42,1.70,-0.00,
-4.73,-2.48,-1.38,221.80,2.86,-0.54,2.64,-0.34,
-4.80,-2.56,-1.36,221.80,2.88,-2.23,2.77,-2.12,
-4.80,-2.55,-1.33,221.80,1.58,-0.72,1.52,-0.67,
-4.85,-2.56,-1.33,221.80,2.54,-1.24,2.18,-0.89,
-4.89,-2.59,-1.33,221.80,2.60,-1.54,2.04,-0.99,
-4.92,-2.62,-1.36,225.26,2.37,-1.76,1.52,-0.92,
-5.00,-2.54,-1.40,225.26,3.46,0.02,2.38,1.01,
-5.07,-2.59,-1.45,225.26,3.57,-2.27,2.07,-0.84,
-5.07,-2.64,-1.52,225.26,2.33,-2.47,0.78,-0.92,
-5.07,-2.59,-1.60,225.26,2.67,-0.99,0.81,0.80,
-5.13,-2.58,-1.68,225.68,3.55,-1.46,1.66,0.30,
-5.16,-2.63,-1.78,225.68,3.20,-2.83,0.96,-0.61,
-5.20,-2.60,-2.01,225.68,3.48,-2.14,0.81,0.42,
-5.18,-2.63,-2.15,225.68,2.89,-2.84,-0.09,0.14,
-5.17,-2.58,-2.31,227.98,2.94,-1.50,-0.22,1.60,
-5.22,-2.49,-2.47,227.98,4.19,-1.02,0.73,2.26,
-5.17,-2.57,-2.66,227.98,2.74,-4.00,-1.04,-0.11,
-5.16,-2.52,-2.84,227.98,3.43,-1.85,-0.36,1.85,
-5.11,-2.57,-3.03,227.98,2.79,-3.69,-1.10,0.27,
-5.03,-2.53,-3.21,231.58,2.21,-1.94,-1.47,1.73,
-4.89,-2.54,-3.58,231.58,2.25,-2.93,-1.71,1.06,
-4.81,-2.46,-3.75,231.58,1.93,-1.30,-1.67,2.30,
-4.67,-2.44,-3.92,231.58,1.27,-2.28,-2.54,1.52,
-4.61,-2.32,-4.05,236.11,1.91,-0.56,-1.13,2.51,
-4.44,-2.27,-4.17,236.11,0.40,-1.35,-2.57,1.58,
-4.31,-2.14,-4.27,236.11,0.59,0.01,-2.00,2.64,
-4.09,-2.06,-4.35,236.11,-0.71,-0.63,-3.16,1.72,
-3.88,-1.98,-4.39,236.11,-1.09,-0.36,-3.02,1.48,
-3.67,-1.77,-4.39,241.28,-1.21,1.73,-2.49,3.03,
-3.42,-1.72,-4.38,241.28,-1.98,-0.27,-3.05,0.73,
-3.15,-1.56,-4.28,241.28,-3.03,1.88,-2.83,1.69,
-2.81,-1.42,-4.17,241.28,-4.29,1.71,-3.98,1.43,
-2.58,-1.26,-4.06,241.28,-2.73,2.09,-2.25,1.62,
-2.22,-1.13,-3.94,246.89,-4.53,1.67,-3.93,1.13,
-1.90,-1.03,-3.83,246.89,-4.16,1.31,-3.65,0.85,
-1.60,-0.82,-3.70,246.89,-3.95,2.82,-3.22,2.13,
-1.30,-0.74,-3.61,246.89,-3.86,1.05,-3.57,0.79,
-1.03,-0.60,-3.51,246.89,-3.68,1.94,-3.16,1.45,
-0.75,-0.46,-3.40,250.83,-3.81,1.85,-3.29,1.37,
-0.52,-0.43,-3.33,250.83,-2.81,0.27,-2.76,0.22,
-0.29,-0.28,-3.22,250.83,-3.30,2.26,-2.64,1.62,
-0.01,-0.17,-3.10,250.83,-3.99,1.69,-3.26,1.02,
0.15,-0.03,-2.98,250.83,-2.59,2.19,-1.77,1.38,
0.35,0.13,-2.86,253.58,-2.97,2.49,-2.09,1.62,
0.45,0.33,-2.75,253.58,-1.68,2.93,-1.00,2.21,
0.65,0.48,-2.62,253.58,-3.33,2.48,-2.25,1.43,
0.80,0.57,-2.49,253.58,-2.62,1.83,-1.58,0.81,
0.83,0.78,-2.35,253.58,-1.09,3.44,0.01,2.25,
0.93,0.83,-2.25,255.50,-1.87,1.15,-1.16,0.46,
0.98,0.88,-2.15,255.50,-1.12,1.11,-0.44,0.42,
0.98,0.97,-2.06,255.50,-0.56,1.63,-0.03,1.08,
0.93,0.96,-2.03,255.50,0.45,0.17,0.38,0.24,
0.93,0.99,-1.98,255.50,-0.29,0.62,-0.19,0.52,
0.92,0.96,-1.97,254.85,0.04,-0.33,-0.25,-0.04,
0.79,0.99,-1.97,254.85,1.67,0.38,1.10,0.93,
0.76,0.95,-2.01,254.85,0.65,-0.68,-0.26,0.23,
0.73,0.96,-2.04,254.85,0.72,-0.16,-0.15,0.71,
0.69,1.02,-2.09,254.85,0.76,0.43,-0.33,1.54,
0.64,1.03,-2.16,256.40,1.25,-0.29,-0.19,1.16,
0.66,1.07,-2.24,256.40,0.26,-0.05,-1.23,1.45,
0.71,1.08,-2.33,256.40,0.03,-0.44,-1.58,1.15,
0.67,1.18,-2.43,256.40,1.27,0.64,-0.56,2.53,
0.73,1.28,-2.53,256.40,0.07,0.54,-1.77,2.43,
0.78,1.29,-2.64,257.48,0.19,-0.52,-1.81,1.46,
0.78,1.40,-2.76,257.48,0.75,0.58,-1.30,2.71,
0.90,1.41,-2.86,257.48,-0.67,-0.46,-2.69,1.49,
1.01,1.45,-2.97,257.48,-0.46,-0.25,-2.55,1.79,
1.04,1.56,-3.07,257.48,0.27,0.74,-1.68,2.76,
1.14,1.50,-3.18,258.23,-0.49,-1.29,-2.52,0.68,
1.25,1.54,-3.23,258.23,-0.79,0.07,-2.25,1.50,
1.38,1.54,-3.28,258.23,-1.32,-0.19,-2.68,1.11,
1.48,1.52,-3.32,258.23,-0.84,-0.60,-2.19,0.69,
1.57,1.58,-3.35,258.23,-0.81,0.46,-2.04,1.67,
1.67,1.53,-3.40,258.76,-0.96,-0.92,-2.45,0.50,
1.85,1.52,-3.44,258.76,-1.88,-0.30,-3.18,0.91,
2.03,1.47,-3.47,258.76,-2.13,-0.91,-3.48,0.33,
2.12,1.56,-3.51,258.76,-0.92,0.78,-2.27,2.12,
2.33,1.52,-3.57,258.76,-2.28,-0.93,-3.98,0.61,
2.51,1.53,-3.60,259.13,-2.21,-0.07,-3.44,1.07,
2.72,1.61,-3.61,259.13,-2.69,0.88,-3.79,1.90,
2.91,1.62,-3.63,259.13,-2.42,-0.09,-3.67,1.06,
3.14,1.68,-3.62,259.13,-3.19,0.75,-4.02,1.51,
3.37,1.73,-3.61,259.13,-3.27,0.63,-4.04,1.33,
3.46,1.82,-3.60,259.39,-1.54,1.09,-2.28,1.83,
3.63,1.90,-3.56,259.39,-2.75,1.22,-3.21,1.66,
3.80,1.93,-3.53,259.39,-2.68,0.56,-3.21,1.05,
3.87,2.01,-3.51,259.39,-1.47,1.13,-2.03,1.68,
3.91,2.02,-3.48,259.39,-1.19,0.38,-1.72,0.90,
3.83,2.03,-3.45,259.58,0.23,0.34,-0.14,0.71,
3.75,2.02,-3.39,259.58,0.11,0.34,-0.06,0.50,
3.59,1.91,-3.32,259.58,1.05,-0.82,1.09,-0.86,
3.34,1.86,-3.23,259.58,2.05,0.03,2.45,-0.34,
3.04,1.71,-3.12,259.58,2.58,-1.16,3.10,-1.65,
2.63,1.62,-3.00,257.70,4.07,-0.26,4.98,-1.06,
1.56,1.34,-2.74,257.70,7.11,-0.52,8.36,-1.49,
0.90,1.21,-2.63,257.70,8.30,-0.89,9.34,-1.66,
0.10,1.06,-2.54,257.70,11.16,-1.32,11.83,-1.76,
-0.74,0.96,-2.46,256.39,12.52,-0.77,13.10,-1.12,
-1.65,0.77,-2.44,256.39,14.91,-2.29,14.42,-2.02,
-2.67,0.68,-2.41,256.39,18.55,-1.10,17.77,-0.77,
-3.66,0.51,-2.41,256.39,18.22,-2.24,17.13,-1.75,
-4.71,0.32,-2.40,256.39,20.90,-2.49,19.31,-1.90,
-5.85,0.21,-2.41,259.47,25.73,-1.63,22.81,-0.99,
-6.90,-0.03,-2.43,259.47,22.10,-3.33,19.49,-2.40,
-7.94,-0.24,-2.46,259.47,23.06,-3.16,20.08,-2.20,
-10.16,-0.58,-2.64,259.47,30.00,-3.58,23.32,-1.56,
-11.11,-0.76,-2.73,257.63,24.56,-3.31,18.50,-1.36,
-12.05,-0.92,-2.85,257.63,25.49,-3.32,18.31,-1.11,
-13.02,-0.94,-2.98,257.63,30.00,-1.58,19.47,0.71,
-13.83,-1.03,-3.13,257.63,21.66,-2.70,15.54,-0.18,
-14.55,-1.03,-3.23,257.63,18.34,-1.24,14.11,0.78,
-15.19,-0.93,-3.35,258.34,16.66,-0.09,12.45,2.20,
-15.69,-0.87,-3.45,258.34,13.45,-0.52,10.36,1.41,
-16.07,-0.69,-3.48,258.34,10.61,1.40,8.91,2.64,
-16.32,-0.44,-3.49,258.34,8.37,2.45,6.97,3.61,
-16.45,-0.24,-3.48,258.34,6.34,2.00,5.52,2.72,
-16.44,0.05,-3.43,258.84,4.03,3.55,3.88,3.70,
-16.30,0.27,-3.38,258.84,2.30,2.63,2.07,2.87,
-16.03,0.51,-3.32,258.84,0.62,2.98,0.54,3.06,
-15.60,0.66,-3.29,258.84,-1.11,1.67,-1.61,2.18,
-15.16,0.80,-3.28,258.84,-1.34,1.64,-1.95,2.27,
-14.53,0.91,-3.29,259.19,-3.69,0.96,-4.73,1.90,
-13.83,0.95,-3.32,259.19,-4.70,0.11,-6.15,1.33,
-13.04,1.02,-3.39,259.19,-5.97,0.32,-7.92,1.88,
-12.15,1.00,-3.48,259.19,-7.50,-0.89,-10.12,1.01,
-11.18,1.09,-3.57,259.19,-9.05,0.30,-11.96,2.30,
-10.06,1.17,-3.68,259.43,-11.77,0.16,-15.48,2.31,
-7.67,1.42,-3.88,259.43,-15.97,1.15,-21.01,3.31,
-6.27,1.59,-3.98,259.43,-20.82,1.29,-30.00,3.47,
-4.85,1.82,-4.05,259.43,-22.93,2.25,-30.00,4.27,
-3.32,1.99,-4.12,257.60,-30.00,1.67,-30.00,3.64,
-1.69,2.24,-4.18,257.60,-30.00,2.75,-30.00,4.60,
-0.05,2.44,-4.22,257.60,-30.00,2.32,-30.00,3.98,
1.72,2.65,-4.27,257.60,-30.00,2.37,-30.00,4.15,
3.51,2.90,-4.32,257.60,-30.00,2.96,-30.00,4.79,
5.30,3.09,-4.39,252.32,-30.00,2.13,-30.00,4.29,
7.16,3.29,-4.48,252.32,-30.00,2.23,-30.00,4.66,
8.99,3.44,-4.59,252.32,-30.00,1.54,-30.00,4.26,
10.84,3.58,-4.71,252.32,-30.00,1.29,-30.00,4.23,
12.61,3.77,-4.84,252.32,-30.00,1.91,-30.00,5.08,
14.33,3.88,-5.00,248.63,-30.00,0.73,-30.00,4.34,
16.02,4.03,-5.18,248.63,-30.00,1.13,-30.00,5.00,
17.57,4.15,-5.38,248.63,-30.00,0.68,-30.00,4.92,
19.06,4.28,-5.58,248.63,-30.00,0.70,-30.00,5.10,
20.46,4.43,-5.78,248.63,-30.00,1.10,-30.00,5.56,
21.76,4.55,-6.00,246.04,-30.00,0.45,-30.00,5.24,
22.93,4.76,-6.21,246.04,-30.00,1.91,-30.00,6.96,
23.90,4.89,-6.43,246.04,-30.00,0.71,-30.00,5.71,
25.57,5.19,-6.79,246.04,-24.06,1.62,-30.00,5.94,
26.20,5.30,-6.92,244.23,-19.75,1.12,-30.00,5.03,
26.65,5.42,-6.99,244.23,-15.07,1.62,-22.39,4.79,
26.97,5.41,-7.03,244.23,-12.77,0.13,-17.28,2.54,
27.06,5.38,-6.99,244.23,-8.81,0.26,-10.83,1.67,
27.04,5.28,-6.91,244.23,-7.33,-0.29,-8.29,0.43,
26.83,5.06,-6.79,246.96,-4.40,-1.67,-4.65,-1.45,
26.41,4.89,-6.64,246.96,-1.52,-0.86,-1.31,-1.07,
25.82,4.68,-6.50,246.96,0.90,-1.33,1.10,-1.54,
25.01,4.42,-6.35,246.96,4.08,-2.15,4.46,-2.51,
23.98,4.21,-6.22,246.96,7.96,-1.66,8.03,-1.71,
22.82,3.97,-6.13,252.87,10.70,-2.17,10.05,-1.71,
21.42,3.72,-6.07,252.87,16.71,-2.60,15.25,-1.84,
19.90,3.52,-6.01,252.87,21.79,-2.04,19.56,-1.27,
18.24,3.24,-5.98,252.87,30.00,-3.36,27.74,-2.10,
16.40,3.01,-5.96,252.87,30.00,-2.78,30.00,-1.45,
14.49,2.69,-5.95,253.01,30.00,-4.18,30.00,-2.78,
12.50,2.44,-5.91,253.01,30.00,-3.12,30.00,-1.98,
10.37,2.15,-5.86,253.01,30.00,-3.70,30.00,-2.78,
8.24,1.86,-5.82,253.01,30.00,-3.78,30.00,-2.77,
5.98,1.57,-5.76,253.01,30.00,-3.66,30.00,-2.87,
3.73,1.20,-5.71,249.11,30.00,-5.18,30.00,-4.21,
1.43,0.90,-5.67,249.11,30.00,-4.29,30.00,-3.24,
-0.91,0.54,-5.64,249.11,30.00,-5.47,30.00,-4.25,
-3.24,0.13,-5.64,249.11,30.00,-6.52,30.00,-4.80,
-5.63,-0.24,-5.66,249.11,30.00,-6.09,30.00,-4.12,
-7.94,-0.71,-5.71,246.37,30.00,-8.37,30.00,-5.61,
-10.28,-1.17,-5.79,246.37,30.00,-8.70,30.00,-5.50,
-12.61,-1.65,-5.89,246.37,30.00,-9.58,30.00,-5.73,
-14.87,-2.10,-6.01,246.37,30.00,-9.07,30.00,-5.16,
-17.11,-2.49,-6.11,246.37,30.00,-8.35,30.00,-4.61,
-19.25,-2.85,-6.18,244.46,30.00,-7.57,30.00,-4.57,
-21.29,-3.03,-6.16,244.46,30.00,-4.16,30.00,-2.56,
-23.20,-3.15,-6.06,244.46,30.00,-2.53,30.00,-2.27,
-25.01,-3.14,-5.87,244.46,30.00,-0.18,30.00,-1.14,
-26.73,-3.00,-5.61,244.46,30.00,2.09,30.00,0.07,
-28.29,-2.88,-5.33,245.12,30.00,1.97,30.00,-0.37,
-29.78,-2.65,-5.01,245.12,30.00,3.93,30.00,0.83,
-31.16,-2.50,-4.71,245.12,30.00,2.72,30.00,-0.06,
-32.41,-2.27,-4.39,245.12,30.00,4.24,30.00,1.07,
-33.53,-2.10,-4.11,245.12,30.00,3.16,30.00,0.32,
-34.43,-1.89,-3.84,243.59,30.00,3.63,30.00,0.92,
-35.26,-1.64,-3.60,243.59,30.00,4.35,30.00,1.95,
-35.88,-1.45,-3.42,243.59,30.00,2.98,30.00,1.31,
-36.28,-1.17,-3.24,243.59,21.75,4.46,30.00,2.81,
-36.48,-0.94,-3.11,243.59,16.00,3.38,17.99,2.40,
-36.50,-0.64,-3.01,244.51,11.74,4.34,12.61,3.73,
-35.25,0.30,-3.00,244.51,1.55,3.71,0.15,5.32,
-34.47,0.57,-3.09,244.51,-0.25,2.81,-2.36,5.13,
-32.25,1.04,-3.37,247.16,-6.24,1.77,-10.07,4.92,
-30.90,1.25,-3.53,247.16,-9.30,1.68,-13.99,4.94,
-29.37,1.48,-3.66,247.16,-14.01,1.96,-19.87,4.91,
-27.66,1.78,-3.73,247.16,-20.85,3.62,-30.00,5.81,
-25.70,2.07,-3.77,251.01,-30.00,3.67,-30.00,5.23,
-23.61,2.45,-3.72,251.01,-30.00,5.68,-30.00,6.14,
-21.34,2.78,-3.67,251.01,-30.00,4.96,-30.00,5.25,
-18.88,3.16,-3.58,251.01,-30.00,6.25,-30.00,5.92,
-16.31,3.45,-3.51,251.01,-30.00,4.78,-30.00,4.85,
-13.58,3.72,-3.46,247.71,-30.00,4.59,-30.00,4.85,
-10.85,3.97,-3.43,247.71,-30.00,4.25,-30.00,4.89,
-8.02,4.13,-3.47,247.71,-30.00,2.58,-30.00,4.05,
-5.20,4.30,-3.53,247.71,-30.00,2.48,-30.00,4.35,
0.37,4.57,-3.74,245.39,-30.00,2.31,-30.00,5.08,
3.08,4.73,-3.86,245.39,-30.00,1.97,-30.00,4.81,
5.78,4.85,-3.97,245.39,-30.00,1.60,-30.00,4.43,
8.55,5.00,-4.05,245.39,-30.00,2.37,-30.00,4.72,
11.23,5.16,-4.12,245.39,-30.00,2.46,-30.00,4.62,
13.95,5.32,-4.18,245.39,-30.00,2.61,-30.00,4.76,
16.57,5.51,-4.24,257.78,-30.00,2.76,-30.00,4.76,
19.15,5.65,-4.32,257.78,-30.00,2.17,-30.00,4.33,
21.63,5.86,-4.41,257.78,-30.00,2.82,-30.00,5.24,
23.90,6.05,-4.54,257.78,-30.00,2.55,-30.00,5.42,
26.11,6.25,-4.70,257.78,-30.00,2.38,-30.00,5.95,
28.05,6.47,-4.91,252.44,-30.00,2.55,-30.00,6.90,
29.88,6.61,-5.14,252.44,-30.00,1.27,-30.00,5.94,
31.51,6.85,-5.39,252.44,-30.00,2.47,-30.00,7.75,
32.96,7.01,-5.64,252.44,-30.00,1.51,-30.00,6.64,
34.22,7.23,-5.88,252.44,-30.00,2.42,-30.00,7.58,
35.26,7.41,-6.11,248.71,-30.00,1.95,-30.00,7.17,
36.16,7.48,-6.30,248.71,-30.00,0.85,-30.00,5.28,
36.82,7.55,-6.45,248.71,-30.00,1.06,-30.00,4.89,
37.32,7.55,-6.56,248.71,-22.39,0.30,-30.00,3.52,
37.60,7.53,-6.64,248.71,-15.53,0.37,-22.99,3.32,
37.67,7.40,-6.74,248.10,-10.87,-1.27,-16.04,1.70,
37.44,7.33,-6.81,248.10,-5.76,-0.41,-9.24,2.31,
36.95,7.22,-6.86,248.10,-2.02,-0.83,-4.78,1.68,
36.25,6.99,-6.92,248.10,0.89,-2.37,-1.58,0.13,
35.25,6.77,-6.92,248.10,5.01,-2.05,2.87,-0.12,
34.08,6.51,-6.92,251.67,7.90,-2.49,5.77,-0.74,
32.63,6.24,-6.88,251.67,13.34,-2.57,11.42,-1.34,
31.01,5.95,-6.82,251.67,18.15,-2.66,16.02,-1.64,
29.20,5.53,-6.78,251.67,30.00,-4.80,23.24,-3.36,
27.21,5.11,-6.71,251.67,30.00,-4.63,30.00,-3.78,
25.05,4.57,-6.63,252.17,30.00,-6.57,30.00,-5.72,
22.79,4.05,-6.57,252.17,30.00,-6.40,30.00,-5.38,
20.36,3.44,-6.52,252.17,30.00,-8.37,30.00,-7.02,
17.82,2.79,-6.48,252.17,30.00,-9.21,30.00,-7.71,
12.40,1.50,-6.46,248.52,30.00,-11.14,30.00,-8.39,
9.57,0.87,-6.49,248.52,30.00,-10.56,30.00,-7.76,
6.66,0.21,-6.53,248.52,30.00,-11.49,30.00,-8.29,
3.76,-0.50,-6.59,248.52,30.00,-13.10,30.00,-9.30,
0.80,-1.15,-6.61,248.52,30.00,-11.81,30.00,-8.90,
-2.14,-1.86,-6.63,245.96,30.00,-13.69,30.00,-10.36,
-5.10,-2.49,-6.61,245.96,30.00,-11.71,30.00,-9.50,
-8.06,-3.15,-6.55,245.96,30.00,-12.19,30.00,-10.79,
-10.95,-3.77,-6.44,245.96,30.00,-11.10,30.00,-10.75,
-13.85,-4.35,-6.27,245.96,30.00,-9.77,30.00,-10.63,
-16.67,-4.90,-6.06,244.17,30.00,-9.26,30.00,-11.04,
-19.48,-5.29,-5.78,244.17,30.00,-6.11,30.00,-8.94,
-22.18,-5.64,-5.44,244.17,30.00,-4.97,30.00,-8.75,
-24.85,-5.81,-5.06,244.17,30.00,-1.94,30.00,-6.28,
-27.45,-5.92,-4.61,244.17,30.00,-0.67,30.00,-5.82,
-29.92,-5.84,-4.13,244.92,30.00,2.21,30.00,-3.17,
-32.28,-5.68,-3.60,244.92,30.00,3.78,30.00,-2.57,
-36.50,-5.13,-2.47,244.92,30.00,30.00,30.00,18.02,
-38.45,-4.68,-1.83,244.92,30.00,10.52,30.00,0.98,
-40.18,-4.17,-1.16,244.92,30.00,-3.43,30.00,-15.76,
-41.77,-3.53,-0.42,257.45,30.00,14.40,30.00,2.55,
-43.17,-2.88,0.33,257.45,30.00,15.19,30.00,2.66,
-44.38,-2.12,1.13,257.45,30.00,19.51,30.00,3.85,
-45.42,-1.36,1.95,257.45,30.00,20.69,30.00,3.79,
-46.82,0.41,3.62,252.21,20.67,30.00,30.00,6.61,
-47.14,1.27,4.44,252.21,12.44,30.00,30.00,5.92,
-47.25,2.20,5.24,252.21,8.63,30.00,30.00,7.20,
-47.15,2.99,5.98,252.21,5.52,30.00,30.00,5.79,
-46.76,3.70,6.64,252.21,1.93,23.17,15.44,5.16,
-46.15,4.32,7.22,248.55,-0.67,20.18,10.26,4.69,
-45.22,4.84,7.73,248.55,-4.90,16.15,4.16,3.74,
-42.70,5.48,8.48,248.55,-12.12,10.15,-3.53,2.15,
-41.04,5.64,8.73,248.55,-19.45,6.82,-9.41,0.76,
-39.21,5.76,8.91,251.98,-25.98,5.56,-13.46,0.60,
-37.10,5.80,9.01,251.98,-30.00,4.00,-27.42,0.33,
-34.82,5.79,9.03,251.98,-30.00,2.57,-30.00,0.05,
-32.28,5.77,8.99,251.98,-30.00,2.13,-30.00,0.37,
-29.62,5.77,8.88,251.98,-30.00,1.79,-30.00,0.88,
-26.78,5.69,8.69,250.39,-30.00,0.39,-30.00,0.56,
-23.82,5.68,8.44,250.39,-30.00,0.79,-30.00,1.92,
-20.73,5.62,8.08,250.39,-30.00,-0.62,-30.00,1.83,
-17.50,5.58,7.66,250.39,-30.00,-0.83,-30.00,2.68,
-14.28,5.62,7.16,250.39,-30.00,-0.18,-30.00,4.55,
-10.99,5.64,6.56,247.27,-30.00,-1.40,-30.00,4.99,
-7.73,5.74,5.90,247.27,-30.00,-0.72,-30.00,6.97,
-4.48,5.84,5.20,247.27,-30.00,-1.02,-30.00,7.55,
-1.21,6.00,4.48,247.27,-30.00,-0.54,-30.00,8.87,
1.97,6.25,3.76,247.27,-30.00,0.74,-30.00,10.80,
5.13,6.49,3.07,245.09,-30.00,0.69,-30.00,10.82,
8.23,6.78,2.43,245.09,-30.00,1.79,-30.00,11.58,
11.16,7.05,1.86,245.09,-30.00,1.94,-30.00,10.51,
14.05,7.28,1.39,245.09,-30.00,2.07,-30.00,9.19,
16.82,7.54,1.01,245.09,-30.00,3.15,-30.00,8.93,
19.46,7.68,0.73,243.56,-30.00,2.21,-30.00,6.29,
21.98,7.80,0.51,243.56,-30.00,2.27,-30.00,5.43,
24.30,7.82,0.36,243.56,-30.00,1.38,-30.00,3.42,
26.47,7.78,0.22,243.56,-30.00,0.65,-30.00,2.53,
28.37,7.78,0.07,243.56,-30.00,1.17,-30.00,3.26,
30.08,7.67,-0.11,242.49,-30.00,-0.73,-30.00,1.67,
31.61,7.62,-0.27,242.49,-30.00,0.34,-30.00,2.70,
32.89,7.58,-0.48,242.49,-30.00,-0.03,-30.00,2.96,
34.04,7.54,-0.73,242.49,-30.00,-0.18,-30.00,3.52,
34.96,7.63,-0.99,242.49,-30.00,1.35,-30.00,5.56,
35.71,7.71,-1.29,241.75,-30.00,0.90,-30.00,5.88,
36.30,7.85,-1.61,241.75,-28.68,1.62,-30.00,7.04,
36.62,8.00,-1.92,241.75,-15.68,1.89,-30.00,7.41,
36.73,8.21,-2.21,241.75,-11.11,2.94,-20.06,8.32,
36.61,8.31,-2.48,241.75,-6.75,1.49,-13.16,6.47,
36.20,8.46,-2.69,245.22,-2.51,2.51,-6.43,6.42,
35.60,8.44,-2.84,245.22,-0.10,0.61,-2.98,3.54,
34.70,8.38,-2.91,245.22,3.74,0.55,1.97,2.24,
33.61,8.21,-2.91,245.22,6.53,-0.40,5.58,0.36,
32.25,7.93,-2.85,245.22,11.32,-1.65,11.25,-1.61,
30.68,7.63,-2.72,247.66,15.77,-1.54,17.88,-2.56,
28.94,7.16,-2.59,247.66,22.17,-3.72,28.14,-4.99,
26.97,6.62,-2.40,247.66,30.00,-4.68,30.00,-6.81,
24.87,6.08,-2.22,247.66,30.00,-4.84,30.00,-6.99,
22.58,5.59,-2.04,247.66,30.00,-4.26,30.00,-6.45,
20.20,5.00,-1.90,249.36,30.00,-6.13,30.00,-7.81,
17.73,4.42,-1.76,249.36,30.00,-6.01,30.00,-7.71,
15.09,3.84,-1.63,249.36,30.00,-6.40,30.00,-7.99,
12.41,3.23,-1.51,249.36,30.00,-7.06,30.00,-8.47,
9.64,2.68,-1.37,249.36,30.00,-6.06,30.00,-8.01,
6.74,2.09,-1.23,244.55,30.00,-7.43,30.00,-9.35,
3.83,1.51,-1.09,244.55,30.00,-7.18,30.00,-9.32,
0.84,0.91,-0.93,244.55,30.00,-7.50,30.00,-10.22,
-2.14,0.25,-0.74,244.55,30.00,-8.81,30.00,-12.13,
-5.11,-0.35,-0.56,244.55,30.00,-7.60,30.00,-10.91,
-8.09,-0.98,-0.35,241.19,30.00,-8.64,30.00,-12.61,
-11.02,-1.59,-0.14,241.19,30.00,-8.26,30.00,-12.61,
-13.91,-2.06,0.12,241.19,30.00,-5.67,30.00,-10.39,
-16.75,-2.54,0.38,241.19,30.00,-5.94,30.00,-10.84,
-19.44,-2.98,0.66,241.19,30.00,-5.22,30.00,-10.47,
-22.09,-3.28,0.97,238.83,30.00,-2.82,30.00,-8.36,
-24.62,-3.57,1.29,238.83,30.00,-2.73,30.00,-8.49,
-26.96,-3.82,1.61,238.83,30.00,-2.05,30.00,-7.88,
-29.22,-3.92,1.98,238.83,30.00,0.40,30.00,-5.68,
-31.28,-4.05,2.34,238.83,30.00,-0.11,30.00,-6.33,
-33.13,-4.07,2.71,237.18,30.00,1.61,30.00,-4.72,
-34.85,-4.03,3.11,237.18,30.00,2.69,30.00,-3.99,
-36.32,-4.04,3.46,237.18,30.00,1.66,30.00,-4.54,
-37.61,-3.92,3.82,237.18,30.00,3.79,30.00,-2.61,
-38.70,-3.82,4.18,237.18,30.00,3.65,30.00,-2.93,
-39.55,-3.66,4.56,236.03,30.00,4.89,30.00,-2.10,
-40.16,-3.38,4.93,236.03,30.00,7.13,30.00,-0.32,
-40.62,-3.11,5.32,236.03,23.03,7.12,30.00,-0.56,
-40.75,-2.77,5.70,236.03,12.20,8.83,30.00,0.53,
-40.69,-2.37,6.08,236.03,8.14,10.05,21.87,1.43,
-40.38,-1.92,6.45,239.22,3.62,11.00,12.79,2.41,
-39.80,-1.55,6.76,239.22,-0.16,8.98,6.73,1.55,
-39.03,-1.06,7.06,239.22,-3.02,11.49,3.29,3.55,
-37.93,-0.66,7.31,239.22,-8.62,9.43,-2.04,2.66,
-35.07,0.19,7.69,245.45,-20.13,8.31,-11.72,3.32,
-33.25,0.55,7.77,245.45,-30.00,7.26,-19.94,3.48,
-31.21,0.95,7.82,245.45,-30.00,7.78,-30.00,4.38,
-29.06,1.37,7.83,245.45,-30.00,7.80,-30.00,5.15,
-24.14,2.10,7.70,243.82,-30.00,7.04,-30.00,5.83,
-21.48,2.52,7.59,243.82,-30.00,7.24,-30.00,6.58,
-18.61,2.94,7.46,243.82,-30.00,7.33,-30.00,6.99,
-15.61,3.46,7.33,243.82,-30.00,9.26,-30.00,8.92,
-12.55,3.97,7.20,243.82,-30.00,9.14,-30.00,8.88,
-9.33,4.43,7.07,240.67,-30.00,8.77,-30.00,8.56,
-6.04,4.97,6.98,240.67,-30.00,10.74,-30.00,9.75,
-2.75,5.45,6.91,240.67,-30.00,10.08,-30.00,8.80,
0.60,5.85,6.87,240.67,-30.00,8.86,-30.00,7.06,
3.96,6.27,6.89,240.67,-30.00,10.11,-30.00,7.16,
10.61,6.90,7.02,238.47,-30.00,8.78,-30.00,4.96,
13.87,7.23,7.14,238.47,-30.00,9.89,-30.00,5.11,
17.03,7.48,7.28,238.47,-30.00,8.75,-30.00,3.89,
20.19,7.65,7.43,238.47,-30.00,7.33,-30.00,2.49,
23.23,7.86,7.60,236.93,-30.00,8.57,-30.00,3.01,
26.18,8.03,7.75,236.93,-30.00,7.52,-30.00,2.42,
29.09,8.09,7.87,236.93,-30.00,5.55,-30.00,1.31,
31.87,8.16,7.95,236.93,-30.00,5.34,-30.00,1.50,
34.49,8.19,7.98,236.93,-30.00,4.27,-30.00,1.42,
37.00,8.17,7.91,235.85,-30.00,2.79,-30.00,1.48,
39.36,8.23,7.78,235.85,-30.00,3.66,-30.00,3.15,
41.48,8.25,7.61,235.85,-30.00,2.44,-30.00,2.81,
43.47,8.33,7.37,235.85,-30.00,3.04,-30.00,4.50,
45.20,8.51,7.11,235.85,-30.00,4.39,-30.00,6.34,
46.71,8.64,6.84,235.10,-30.00,3.56,-30.00,5.83,
48.07,8.75,6.55,235.10,-30.00,3.06,-30.00,5.60,
49.14,8.91,6.31,235.10,-30.00,4.19,-30.00,6.24,
50.01,8.96,6.03,235.10,-30.00,2.21,-30.00,4.64,
50.69,8.99,5.79,235.10,-30.00,2.08,-30.00,4.10,
51.08,8.97,5.59,234.57,-30.00,1.76,-30.00,3.13,
51.24,8.79,5.38,234.57,-30.00,-0.87,-30.00,0.51,
51.08,8.64,5.22,234.57,-15.80,-0.07,-17.53,0.73,
50.54,8.26,5.11,234.57,-7.57,-3.25,-7.69,-3.14,
49.70,7.87,5.07,234.57,-2.87,-2.94,-1.93,-3.91,
48.63,7.23,5.14,238.20,0.19,-6.25,2.65,-9.39,
47.21,6.61,5.22,238.20,5.94,-6.01,9.31,-9.38,
45.52,5.91,5.29,238.20,11.61,-7.88,16.02,-11.42,
43.57,5.19,5.38,238.20,20.05,-8.17,30.00,-12.11,
41.45,4.42,5.40,238.20,30.00,-10.25,30.00,-13.06,
39.08,3.71,5.40,242.74,30.00,-8.90,30.00,-11.11,
36.53,2.97,5.37,242.74,30.00,-10.24,30.00,-11.84,
33.86,2.24,5.36,242.74,30.00,-9.96,30.00,-12.04,
30.97,1.54,5.40,242.74,30.00,-9.44,30.00,-12.50,
27.97,0.80,5.45,242.74,30.00,-10.20,30.00,-13.54,
24.84,0.11,5.55,239.92,30.00,-9.18,30.00,-13.85,
21.56,-0.56,5.71,239.92,30.00,-8.69,30.00,-14.63,
18.23,-1.28,5.93,239.92,30.00,-9.20,30.00,-17.16,
14.78,-1.94,6.21,239.92,30.00,-7.72,30.00,-16.96,
11.25,-2.64,6.53,239.92,30.00,-8.19,30.00,-19.15,
4.12,-3.87,7.30,239.94,30.00,-5.47,30.00,-17.68,
0.57,-4.43,7.73,239.94,30.00,-5.27,30.00,-18.06,
-2.98,-4.84,8.18,239.94,30.00,-2.77,30.00,-14.38,
-6.52,-5.15,8.66,239.94,30.00,-1.15,30.00,-12.40,
-9.98,-5.41,9.15,237.96,30.00,-0.49,30.00,-12.38,
-13.36,-5.54,9.68,237.96,30.00,1.75,30.00,-9.79,
-16.71,-5.53,10.24,237.96,30.00,4.10,30.00,-7.54,
-19.91,-5.44,10.83,237.96,30.00,5.97,30.00,-6.47,
-23.04,-5.14,11.48,237.96,30.00,10.57,30.00,-3.56,
-26.08,-4.81,12.18,236.57,30.00,12.25,30.00,-3.54,
-28.94,-4.37,12.90,236.57,30.00,15.84,30.00,-1.89,
-31.68,-3.86,13.65,236.57,30.00,19.01,30.00,-1.18,
-34.27,-3.29,14.43,236.57,30.00,23.28,30.00,-0.50,
-36.65,-2.64,15.24,236.57,30.00,30.00,30.00,0.69,
-38.90,-1.88,16.07,237.60,30.00,30.00,30.00,2.03,
-40.93,-1.11,16.91,237.60,30.00,30.00,30.00,2.29,
-42.69,-0.27,17.73,237.60,30.00,30.00,30.00,3.55,
-44.31,0.56,18.53,237.60,30.00,30.00,30.00,3.86,
-45.65,1.22,19.25,237.60,30.00,30.00,30.00,1.86,
-46.71,1.89,19.93,236.32,30.00,30.00,30.00,2.46,
-47.63,2.50,20.55,236.32,30.00,30.00,30.00,2.09,
-48.28,2.91,21.09,236.32,30.00,19.27,30.00,-0.26,
-48.67,3.24,21.57,236.32,17.84,16.18,30.00,-0.78,
-48.89,3.47,21.98,236.32,13.83,12.93,30.00,-1.76,
-48.81,3.64,22.33,237.42,7.96,10.70,30.00,-2.27,
-48.55,3.72,22.65,237.42,4.90,8.69,26.85,-3.30,
-48.04,3.80,22.89,237.42,1.41,7.91,14.56,-2.97,
-47.34,3.75,23.08,237.42,-1.07,5.33,9.29,-4.38,
-46.42,3.71,23.18,237.42,-4.09,4.70,4.27,-3.67,
-45.36,3.55,23.20,242.20,-5.76,2.21,1.25,-4.66,
-44.00,3.35,23.13,242.20,-11.05,0.85,-4.01,-4.85,
-42.42,3.01,22.96,242.20,-15.37,-1.86,-9.10,-6.19,
-40.71,2.70,22.72,242.20,-19.87,-2.03,-13.53,-5.30,
-38.72,2.32,22.39,242.20,-30.00,-3.93,-28.47,-5.85,
-34.31,1.50,21.51,245.54,-30.00,-6.14,-30.00,-5.48,
-29.24,0.94,20.44,245.54,-30.00,-4.12,-30.00,-2.05,
-26.47,0.74,19.84,245.54,-30.00,-3.99,-30.00,-1.09,
-23.62,0.71,19.22,241.88,-30.00,-1.70,-30.00,1.44,
-20.73,0.74,18.57,241.88,-30.00,-1.34,-30.00,2.49,
-17.69,0.84,17.90,241.88,-30.00,-0.61,-30.00,3.86,
-14.60,1.09,17.23,241.88,-30.00,1.48,-30.00,6.52,
-11.51,1.46,16.55,241.88,-30.00,3.25,-30.00,9.05,
-8.42,1.89,15.86,239.31,-30.00,4.02,-30.00,10.72,
-5.31,2.40,15.16,239.31,-30.00,5.37,-30.00,12.92,
-2.25,3.00,14.49,239.31,-30.00,7.32,-30.00,15.60,
0.80,3.59,13.85,239.31,-30.00,7.46,-30.00,15.29,
3.80,4.24,13.27,239.31,-30.00,9.06,-30.00,16.67,
6.68,4.90,12.75,237.52,-30.00,10.47,-30.00,17.14,
9.50,5.43,12.31,237.52,-30.00,8.78,-30.00,12.80,
12.25,5.96,11.97,237.52,-30.00,9.79,-30.00,11.97,
14.89,6.41,11.72,237.52,-30.00,9.33,-30.00,9.67,
17.43,6.77,11.55,237.52,-30.00,8.47,-30.00,7.26,
19.91,7.12,11.47,236.26,-30.00,9.34,-30.00,6.64,
22.22,7.43,11.43,236.26,-30.00,9.15,-30.00,5.54,
24.45,7.63,11.41,236.26,-30.00,7.17,-30.00,3.67,
26.59,7.89,11.39,236.26,-30.00,8.40,-30.00,4.67,
28.54,8.12,11.38,236.26,-30.00,8.14,-30.00,4.40,
30.36,8.32,11.30,235.38,-30.00,7.02,-30.00,4.42,
31.99,8.59,11.18,235.38,-30.00,7.80,-30.00,6.00,
33.39,8.87,11.01,235.38,-30.00,7.83,-30.00,6.95,
34.65,9.12,10.75,235.38,-30.00,6.49,-30.00,7.30,
35.70,9.45,10.45,235.38,-30.00,7.50,-30.00,9.14,
36.54,9.79,10.08,234.77,-30.00,7.31,-30.00,10.69,
37.22,10.06,9.68,234.77,-30.00,5.69,-30.00,9.70,
37.71,10.40,9.24,234.77,-30.00,6.76,-30.00,11.80,
38.06,10.91,8.35,234.77,-12.42,4.16,-21.70,9.44,
37.86,11.04,7.90,236.34,-6.32,3.00,-12.18,7.98,
37.48,11.11,7.47,236.34,-3.52,2.29,-8.31,6.83,
36.84,11.09,7.08,236.34,0.39,1.07,-3.22,4.88,
36.00,10.94,6.72,236.34,3.41,-0.66,0.09,2.59,
34.89,10.65,6.42,236.34,8.03,-2.31,4.98,0.18,
33.59,10.26,6.15,241.44,11.66,-3.74,8.57,-1.47,
32.02,9.75,5.90,241.44,19.29,-5.51,15.40,-3.53,
30.22,9.22,5.70,241.44,30.00,-5.80,30.00,-4.43,
28.25,8.53,5.51,241.44,30.00,-8.63,30.00,-7.21,
23.88,7.13,5.27,243.01,30.00,-8.35,30.00,-8.50,
21.45,6.32,5.21,243.01,30.00,-10.50,30.00,-11.41,
18.91,5.51,5.18,243.01,30.00,-10.61,30.00,-12.24,
16.19,4.73,5.23,243.01,30.00,-9.50,30.00,-12.67,
13.41,3.86,5.35,243.01,30.00,-10.96,30.00,-16.25,
10.54,3.00,5.53,240.10,30.00,-10.56,30.00,-18.02,
7.55,2.13,5.81,240.10,30.00,-10.16,30.00,-21.13,
4.49,1.20,6.15,240.10,30.00,-11.30,30.00,-30.00,
1.38,0.33,6.57,240.10,30.00,-9.29,30.00,-28.97,
-1.86,-0.50,7.05,240.10,30.00,-8.35,30.00,-30.00,
-5.12,-1.39,7.54,238.07,30.00,-9.66,30.00,-30.00,
-8.40,-2.21,8.04,238.07,30.00,-8.64,30.00,-30.00,
-11.72,-2.94,8.55,238.07,30.00,-6.94,30.00,-30.00,
-15.06,-3.63,9.03,238.07,30.00,-6.66,30.00,-26.56,
-18.34,-4.22,9.51,238.07,30.00,-5.08,30.00,-21.14,
-21.60,-4.68,9.99,234.65,30.00,-3.23,30.00,-18.00,
-24.77,-5.11,10.48,234.65,30.00,-2.66,30.00,-17.53,
-27.81,-5.41,11.00,234.65,30.00,-0.44,30.00,-14.21,
-33.64,-5.54,12.22,234.65,30.00,4.29,30.00,-10.06,
-36.31,-5.42,12.91,236.26,30.00,7.69,30.00,-7.42,
-38.86,-5.17,13.66,236.26,30.00,11.51,30.00,-5.50,
-41.22,-4.89,14.43,236.26,30.00,12.39,30.00,-5.36,
-43.45,-4.54,15.24,236.26,30.00,15.19,30.00,-4.47,
-47.48,-3.68,16.90,235.38,30.00,17.42,30.00,-4.07,
-52.11,-2.19,19.39,235.38,30.00,25.54,30.00,-2.27,
-53.25,-1.58,20.24,235.38,30.00,30.00,30.00,-0.70,
-54.25,-0.90,21.10,234.77,30.00,30.00,30.00,0.36,
-55.04,-0.29,21.92,234.77,30.00,30.00,30.00,-0.46,
-55.99,0.82,23.46,234.77,18.58,30.00,30.00,-0.50,
-56.15,1.27,24.16,234.77,12.11,27.50,30.00,-1.64,
-56.08,1.76,24.86,234.34,7.30,30.00,30.00,-1.08,
-55.26,2.57,26.18,234.34,-0.70,23.12,30.00,-2.32,
-54.49,2.95,26.80,234.34,-3.90,23.15,18.13,-2.08,
-53.46,3.19,27.34,234.34,-8.44,16.68,9.84,-3.61,
-52.22,3.35,27.80,238.03,-12.05,12.78,4.64,-4.14,
-50.67,3.36,28.16,238.03,-20.80,8.67,-1.14,-5.71,
-48.96,3.28,28.41,238.03,-30.00,5.83,-4.71,-6.64,
-46.97,3.07,28.54,238.03,-30.00,2.95,-11.95,-7.87,
-44.86,2.84,28.57,238.03,-30.00,1.89,-17.66,-7.36,
-42.52,2.48,28.48,240.62,-30.00,-0.93,-30.00,-8.54,
-40.00,2.18,28.29,240.62,-30.00,-0.92,-30.00,-6.74,
-34.40,1.49,27.68,240.62,-30.00,-2.96,-30.00,-6.26,
-31.40,1.23,27.28,240.62,-30.00,-2.24,-30.00,-4.39,
-28.32,1.01,26.84,238.44,-30.00,-2.16,-30.00,-3.65,
-25.11,0.85,26.37,238.44,-30.00,-1.56,-30.00,-2.50,
-21.83,0.82,25.90,238.44,-30.00,0.08,-30.00,-0.55,
-18.52,0.83,25.43,238.44,-30.00,0.76,-30.00,0.20,
-15.10,0.87,24.96,238.44,-30.00,0.92,-30.00,0.50,
-11.64,0.97,24.50,236.91,-30.00,2.02,-30.00,1.61,
-8.21,1.12,24.07,236.91,-30.00,2.81,-30.00,2.01,
-4.78,1.23,23.69,236.91,-30.00,2.74,-30.00,1.32,
-1.44,1.44,23.39,236.91,-30.00,4.78,-30.00,2.23,
1.75,1.63,23.16,236.91,-30.00,5.19,-30.00,1.52,
4.90,1.79,23.00,235.83,-30.00,5.32,-30.00,0.67,
7.96,2.00,22.94,235.83,-30.00,7.11,-30.00,0.70,
10.89,2.15,22.93,235.83,-30.00,6.36,-30.00,-0.52,
13.76,2.22,22.93,235.83,-30.00,5.48,-30.00,-1.57,
19.16,2.36,22.91,235.08,-30.00,4.82,-30.00,-1.74,
24.09,2.30,22.75,235.08,-30.00,3.34,-30.00,-2.03,
26.30,2.27,22.59,235.08,-30.00,2.36,-30.00,-1.83,
28.35,2.25,22.34,235.08,-30.00,1.71,-30.00,-1.18,
30.19,2.28,22.01,234.56,-30.00,1.88,-30.00,0.33,
31.72,2.36,21.58,234.56,-30.00,1.98,-30.00,1.95,
33.03,2.41,21.02,234.56,-30.00,0.43,-30.00,2.41,
34.09,2.59,20.38,234.56,-30.00,1.68,-30.00,5.41,
34.90,2.83,19.66,234.56,-30.00,1.94,-30.00,7.44,
35.58,3.09,18.85,234.19,-30.00,1.44,-30.00,8.85,
36.14,3.45,18.00,234.19,-24.80,2.75,-30.00,11.94,
36.54,3.85,17.09,234.19,-16.43,2.82,-30.00,14.04,
36.87,4.34,16.14,234.19,-13.92,4.05,-30.00,17.80,
37.05,4.88,15.19,234.19,-10.02,4.89,-30.00,20.74,
37.12,5.36,14.21,235.93,-7.50,3.48,-30.00,18.82,
37.00,5.91,13.25,235.93,-4.13,4.99,-20.02,22.40,
36.77,6.36,12.28,235.93,-1.92,3.16,-16.64,19.40,
36.28,6.81,11.33,235.93,1.66,3.32,-10.05,19.14,
35.63,7.13,10.44,235.93,4.26,1.66,-6.31,14.84,
34.68,7.27,9.66,241.15,8.62,-0.01,-0.42,9.18,
33.59,7.28,8.99,241.15,10.77,-1.20,2.41,5.96,
32.25,7.13,8.46,241.15,15.84,-2.68,7.84,2.44,
30.81,6.81,8.05,241.15,17.71,-4.52,11.45,-0.92,
29.25,6.30,7.82,241.15,20.57,-6.27,17.80,-5.00,
23.80,4.13,7.97,244.81,30.00,-8.18,30.00,-14.57,
21.72,3.33,8.16,244.81,30.00,-8.33,30.00,-15.96,
19.47,2.48,8.44,244.81,30.00,-8.95,30.00,-19.71,
17.13,1.62,8.71,241.37,30.00,-9.55,30.00,-21.65,
14.65,0.86,9.00,241.37,30.00,-7.76,30.00,-19.00,
12.05,0.13,9.28,241.37,30.00,-7.40,30.00,-18.25,
9.37,-0.59,9.57,241.37,30.00,-7.54,30.00,-18.57,
6.61,-1.22,9.83,241.37,30.00,-6.37,30.00,-15.96,
3.76,-1.86,10.09,238.96,30.00,-6.84,30.00,-17.38,
0.90,-2.53,10.35,238.96,30.00,-7.75,30.00,-18.91,
-2.00,-3.11,10.61,238.96,30.00,-5.94,30.00,-16.20,
-7.82,-4.34,11.17,238.96,30.00,-7.57,30.00,-19.72,
-10.70,-4.90,11.46,237.27,30.00,-6.09,30.00,-18.08,
-13.62,-5.44,11.79,237.27,30.00,-5.51,30.00,-18.18,
-16.47,-5.96,12.14,237.27,30.00,-5.25,30.00,-18.86,
-19.27,-6.36,12.56,237.27,30.00,-2.69,30.00,-15.97,
-22.07,-6.64,13.02,237.27,30.00,-0.75,30.00,-13.96,
-24.76,-6.90,13.52,236.09,30.00,-0.14,30.00,-14.10,
-27.38,-7.07,14.02,236.09,30.00,1.16,30.00,-12.33,
-29.94,-7.08,14.54,236.09,30.00,3.68,30.00,-9.14,
-32.36,-7.09,15.06,236.09,30.00,3.85,30.00,-9.25,
-34.61,-7.04,15.58,236.09,30.00,5.01,30.00,-8.12,
-36.69,-6.84,16.12,233.26,30.00,8.15,30.00,-5.95,
-38.64,-6.56,16.69,233.26,30.00,10.35,30.00,-4.70,
-40.46,-6.20,17.28,233.26,30.00,12.71,30.00,-3.55,
-41.98,-5.73,17.92,233.26,30.00,16.78,30.00,-2.16,
-43.36,-5.16,18.60,233.26,30.00,22.38,30.00,-0.89,
-44.42,-4.60,19.31,233.28,30.00,23.87,30.00,-1.11,
-45.25,-3.91,20.07,233.28,30.00,30.00,30.00,0.52,
-45.86,-3.16,20.85,233.28,19.36,30.00,30.00,1.19,
-46.27,-2.38,21.64,233.28,13.06,30.00,30.00,1.74,
-46.31,-1.60,22.43,233.28,5.60,30.00,30.00,1.91,
-46.17,-0.74,23.21,231.30,2.38,30.00,30.00,3.54,
-45.78,0.08,23.97,231.30,-1.37,30.00,30.00,3.12,
-45.11,0.80,24.65,231.30,-5.68,30.00,16.38,2.17,
-44.12,1.42,25.24,231.30,-11.90,30.00,7.30,1.54,
-42.92,1.95,25.73,231.30,-16.92,30.00,2.38,0.98,
-41.42,2.22,26.06,231.91,-30.00,14.09,-3.72,-1.58,
-39.67,2.43,26.27,231.91,-30.00,11.09,-10.23,-1.65,
-37.76,2.54,26.36,231.91,-30.00,7.68,-17.27,-2.21,
-35.57,2.51,26.30,231.91,-30.00,3.88,-30.00,-3.37,
-33.20,2.48,26.17,231.91,-30.00,3.28,-30.00,-2.62,
-30.70,2.43,25.95,232.34,-30.00,2.32,-30.00,-2.18,
-28.03,2.35,25.65,232.34,-30.00,0.99,-30.00,-2.20,
-25.12,2.33,25.29,232.34,-30.00,1.59,-30.00,-0.62,
-22.10,2.40,24.90,232.34,-30.00,2.60,-30.00,0.97,
-18.95,2.48,24.47,232.34,-30.00,2.42,-30.00,1.49,
-15.64,2.57,23.98,230.64,-30.00,2.00,-30.00,2.22,
-12.18,2.73,23.44,230.64,-30.00,2.71,-30.00,3.79,
-8.65,2.99,22.86,230.64,-30.00,4.09,-30.00,6.36,
-5.07,3.27,22.21,230.64,-30.00,3.72,-30.00,7.41,
-1.45,3.62,21.53,230.64,-30.00,4.70,-30.00,9.43,
2.22,4.05,20.83,229.44,-30.00,6.21,-30.00,12.19,
5.79,4.60,20.13,229.44,-30.00,8.37,-30.00,15.47,
9.31,5.13,19.45,229.44,-30.00,8.51,-30.00,15.57,
12.81,5.66,18.80,229.44,-30.00,8.60,-30.00,15.41,
16.22,6.22,18.22,229.44,-30.00,10.38,-30.00,15.99,
19.48,6.81,17.70,228.61,-30.00,11.82,-30.00,16.41,
22.74,7.24,17.23,228.61,-30.00,8.93,-30.00,11.72,
25.93,7.69,16.85,228.61,-30.00,10.58,-30.00,11.56,
29.01,8.19,16.52,228.61,-30.00,12.44,-30.00,12.35,
34.79,9.08,15.90,228.03,-30.00,11.14,-30.00,10.77,
37.53,9.48,15.64,228.03,-30.00,11.23,-30.00,10.20,
39.99,9.95,15.37,228.03,-30.00,13.06,-30.00,12.00,
42.27,10.31,15.05,228.03,-30.00,9.87,-30.00,10.34,
44.40,10.63,14.71,228.03,-30.00,9.09,-30.00,10.01,
46.30,10.98,14.37,227.62,-30.00,9.60,-30.00,10.87,
47.90,11.34,14.01,227.62,-30.00,9.75,-30.00,11.53,
49.35,11.67,13.60,227.62,-30.00,8.66,-30.00,11.85,
50.55,12.06,13.17,227.62,-30.00,9.76,-30.00,13.89,
51.59,12.30,12.76,227.62,-30.00,7.01,-30.00,10.18,
52.40,12.57,12.36,229.33,-30.00,7.48,-30.00,10.69,
52.94,12.91,11.99,229.33,-30.00,9.29,-30.00,12.38,
53.26,13.17,11.67,229.33,-30.00,8.34,-30.00,10.19,
53.35,13.34,11.41,229.33,-30.00,7.13,-30.00,7.60,
53.24,13.51,11.24,229.33,-24.16,7.89,-21.20,6.88,
52.89,13.54,11.13,232.53,-14.18,5.59,-11.43,3.70,
52.27,13.49,11.11,232.53,-8.97,5.08,-5.15,1.78,
51.41,13.23,11.15,232.53,-4.74,2.00,-0.56,-1.94,
50.31,12.92,11.29,232.53,-1.29,1.93,4.26,-3.57,
48.91,12.41,11.48,232.53,3.25,-0.76,11.26,-7.88,
47.26,11.88,11.71,236.77,7.59,-0.88,18.85,-8.42,
45.30,11.23,11.94,236.77,15.04,-2.63,30.00,-11.08,
43.12,10.61,12.17,236.77,26.46,-2.54,30.00,-10.91,
38.02,9.31,12.56,236.77,30.00,-4.15,30.00,-12.48,
35.21,8.73,12.74,237.74,30.00,-2.63,30.00,-10.27,
32.17,8.17,12.90,237.74,30.00,-2.84,30.00,-10.08,
28.98,7.52,13.01,237.74,30.00,-4.55,30.00,-11.46,
25.70,6.87,13.11,237.74,30.00,-5.10,30.00,-11.95,
22.29,6.26,13.20,237.74,30.00,-4.54,30.00,-11.31,
18.78,5.53,13.27,234.42,30.00,-7.16,30.00,-14.53,
15.23,4.75,13.32,234.42,30.00,-8.80,30.00,-16.26,
11.60,4.00,13.38,234.42,30.00,-8.27,30.00,-15.90,
7.93,3.22,13.41,234.42,30.00,-9.58,30.00,-17.30,
4.25,2.33,13.42,234.42,30.00,-12.37,30.00,-21.04,
0.61,1.48,13.45,234.09,30.00,-12.06,30.00,-21.05,
-2.99,0.67,13.46,234.09,30.00,-11.49,30.00,-19.69,
-6.53,-0.20,13.49,234.09,30.00,-12.91,30.00,-23.51,
-9.98,-1.04,13.53,234.09,30.00,-12.84,30.00,-23.50,
-13.36,-1.80,13.59,234.09,30.00,-10.83,30.00,-20.49,
-16.68,-2.49,13.65,231.87,30.00,-9.93,30.00,-19.23,
-19.93,-3.21,13.71,231.87,30.00,-10.80,30.00,-20.94,
-23.04,-3.93,13.76,231.87,30.00,-11.19,30.00,-21.25,
-28.94,-5.08,13.94,231.87,30.00,-7.34,30.00,-16.73,
-31.63,-5.60,14.10,230.31,30.00,-6.80,30.00,-17.76,
-34.16,-5.94,14.33,230.31,30.00,-3.11,30.00,-13.40,
-36.53,-6.16,14.62,230.31,30.00,-0.72,30.00,-11.52,
-38.73,-6.31,14.94,230.31,30.00,0.42,30.00,-10.45,
-40.62,-6.41,15.28,230.31,30.00,1.42,30.00,-9.63,
-42.30,-6.41,15.64,229.21,30.00,3.31,30.00,-7.75,
-43.77,-6.33,15.99,229.21,30.00,4.64,30.00,-6.43,
-45.01,-6.22,16.36,229.21,30.00,5.47,30.00,-5.92,
-45.96,-6.17,16.71,229.21,30.00,4.18,30.00,-6.95,
-46.64,-6.10,17.04,229.21,30.00,4.63,30.00,-6.32,
-47.07,-5.98,17.34,226.45,30.00,5.30,30.00,-5.46,
-47.25,-5.84,17.60,226.45,17.43,5.55,30.00,-4.73,
-46.28,-5.34,18.20,226.45,0.85,7.05,10.90,-1.94,
-45.48,-5.03,18.33,226.51,-2.19,7.94,6.15,-0.74,
-44.43,-4.80,18.42,226.51,-6.64,6.19,1.07,-1.45,
-43.10,-4.50,18.49,226.51,-13.48,7.30,-4.26,-0.12,
-41.57,-4.13,18.52,226.51,-20.64,8.75,-8.82,1.40,
-39.87,-3.76,18.54,226.51,-30.00,8.63,-13.93,1.59,
-37.92,-3.40,18.54,226.56,-30.00,8.27,-28.34,1.54,
-35.76,-2.95,18.57,226.56,-30.00,11.18,-30.00,3.15,
-33.44,-2.43,18.62,226.56,-30.00,13.15,-30.00,4.19,
-30.99,-1.88,18.70,226.56,-30.00,14.66,-30.00,4.59,
-28.42,-1.31,18.82,226.56,-30.00,16.58,-30.00,4.96,
-25.72,-0.73,18.98,220.59,-30.00,19.50,-30.00,5.16,
-22.97,-0.13,19.21,220.59,-30.00,23.68,-30.00,5.16,
-20.10,0.44,19.46,220.59,-30.00,23.19,-30.00,4.48,
-17.14,0.95,19.77,220.59,-30.00,21.74,-30.00,2.85,
-11.12,1.80,20.58,212.41,-30.00,22.73,-30.00,-0.48,
-8.13,2.08,21.11,212.41,-30.00,20.72,-30.00,-2.73,
-5.14,2.49,21.72,212.41,-30.00,30.00,-30.00,-1.10,
-2.09,2.78,22.39,212.41,-30.00,30.00,-30.00,-4.02,
0.76,2.87,23.11,212.41,-30.00,18.22,-30.00,-8.73,
3.58,3.14,23.87,198.69,-30.00,30.00,-30.00,-6.39,
8.99,3.24,25.40,198.69,-30.00,30.00,-30.00,-8.89,
11.46,3.07,26.15,198.69,-30.00,13.27,-30.00,-24.53,
13.98,3.01,26.85,198.69,-30.00,16.78,-30.00,-17.12,
16.25,3.08,27.53,179.08,-30.00,30.00,-30.00,-15.64,
18.33,2.90,28.15,179.08,-30.00,15.22,-30.00,-30.00,
20.44,2.64,28.69,179.08,-30.00,10.43,-30.00,-30.00,
22.42,2.60,29.20,179.08,-30.00,20.32,-30.00,-18.76,
24.22,2.63,29.67,179.08,-30.00,24.74,-30.00,-14.66,
25.80,2.49,30.10,161.36,-30.00,18.34,-30.00,-30.00,
27.23,2.29,30.46,161.36,-30.00,12.32,-30.00,-30.00,
28.54,2.06,30.75,161.36,-30.00,9.28,-30.00,-30.00,
29.71,1.82,30.99,161.36,-30.00,7.95,-30.00,-30.00,
30.73,1.61,31.16,161.36,-30.00,7.38,-30.00,-30.00,
31.62,1.46,31.25,142.95,-30.00,10.74,-30.00,-30.00,
32.37,1.35,31.29,142.95,-30.00,12.29,-30.00,-30.00,
32.95,1.35,31.27,142.95,-30.00,17.52,-30.00,-13.44,
33.37,1.39,31.19,142.95,-30.00,18.21,-30.00,-9.13,
33.62,1.55,31.05,142.95,-30.00,30.00,-30.00,-2.17,
33.74,1.82,30.87,128.07,-30.00,30.00,-30.00,4.32,
33.59,2.33,30.40,128.07,-30.00,30.00,-30.00,4.63,
33.28,2.41,30.10,128.07,-30.00,19.35,-12.06,-0.98,
32.81,2.43,29.76,128.07,-28.02,11.63,-3.32,-2.78,
32.20,2.47,29.38,115.65,-9.49,14.53,4.79,-1.38,
31.47,2.59,28.99,115.65,0.74,30.00,14.94,5.38,
30.68,2.85,28.56,115.65,6.71,30.00,22.35,23.44,
29.85,3.01,28.09,115.65,14.49,30.00,30.00,12.69,
28.89,2.95,27.58,115.65,30.00,1.59,30.00,-1.25,
27.69,3.01,27.11,102.95,30.00,14.21,30.00,6.35,
26.50,3.18,26.64,102.95,30.00,30.00,30.00,27.65,
25.31,3.09,26.16,102.95,30.00,-0.21,30.00,-3.74,
23.90,2.92,25.72,102.95,30.00,-5.57,30.00,-14.23,
22.43,2.92,25.35,102.95,30.00,10.26,30.00,-1.09,
21.00,2.72,24.99,92.07,30.00,-7.75,30.00,-30.00,
19.49,2.31,24.66,92.07,30.00,-30.00,30.00,-30.00,
17.91,2.19,24.42,92.07,30.00,4.79,30.00,-30.00,
16.32,1.81,24.18,92.07,30.00,-30.00,30.00,-30.00,
14.66,1.41,24.00,92.07,30.00,-30.00,30.00,-30.00,
13.02,1.17,23.88,92.07,30.00,-3.66,30.00,-30.00,
9.74,0.40,23.75,86.45,30.00,-11.06,30.00,-30.00,
8.06,0.02,23.75,86.45,30.00,-24.18,30.00,-30.00,
6.47,-0.35,23.80,86.45,30.00,-16.18,30.00,-30.00,
4.91,-0.74,23.88,86.45,30.00,-19.60,30.00,-30.00,
3.32,-1.10,23.98,76.51,30.00,-15.59,30.00,-30.00,
1.83,-1.40,24.12,76.51,30.00,-3.01,30.00,-30.00,
0.37,-1.73,24.27,76.51,30.00,-7.23,30.00,-30.00,
-1.00,-2.02,24.41,76.51,30.00,-2.43,30.00,-30.00,
-2.37,-2.30,24.51,76.51,30.00,-4.28,30.00,-30.00,
-3.69,-2.58,24.60,69.56,30.00,-5.99,30.00,-30.00,
-4.95,-2.87,24.67,69.56,30.00,-14.47,30.00,-30.00,
-6.09,-3.14,24.77,69.56,30.00,-7.76,30.00,-30.00,
-7.04,-3.32,24.88,69.56,30.00,10.96,30.00,-30.00,
-7.60,-3.39,25.03,69.56,30.00,30.00,30.00,-30.00,
-7.89,-3.48,25.14,62.69,30.00,30.00,30.00,-30.00,
-7.58,-3.42,25.19,62.69,-30.00,30.00,30.00,-30.00,
-6.90,-3.29,25.28,62.69,-30.00,30.00,-30.00,-30.00,
-6.11,-3.23,25.38,62.69,-30.00,30.00,-30.00,-30.00,
-5.36,-3.20,25.49,62.69,-30.00,30.00,-30.00,-30.00,
-4.62,-3.03,25.58,62.69,-30.00,30.00,-30.00,-30.00,
-4.09,-2.88,25.68,57.88,-30.00,30.00,-30.00,-30.00,
-3.50,-2.69,25.77,57.88,-30.00,30.00,-30.00,-30.00,
-2.93,-2.54,25.90,57.88,-30.00,30.00,-30.00,-30.00,
-2.34,-2.28,26.04,57.88,-30.00,30.00,-30.00,-30.00,
-1.87,-2.01,26.13,57.88,-30.00,30.00,-30.00,-30.00,
-1.48,-1.79,26.18,52.52,-30.00,30.00,-30.00,-30.00,
-1.15,-1.66,26.23,52.52,-30.00,30.00,-8.84,-30.00,
-0.91,-1.60,26.31,52.52,-30.00,30.00,30.00,-30.00,
-0.77,-1.65,26.37,52.52,-30.00,30.00,30.00,-30.00,
-0.66,-1.66,26.41,52.52,-30.00,30.00,30.00,-30.00,
-0.59,-1.67,26.44,46.76,-30.00,30.00,30.00,-30.00,
-0.48,-1.65,26.45,46.76,-30.00,30.00,30.00,-30.00,
-0.34,-1.60,26.50,46.76,-30.00,30.00,30.00,-30.00,
-0.20,-1.59,26.59,46.76,-30.00,30.00,30.00,-30.00,
-0.01,-1.55,26.69,46.76,-30.00,30.00,30.00,-30.00,
0.16,-1.53,26.86,42.73,-30.00,30.00,30.00,-30.00,
0.31,-1.53,27.04,42.73,-30.00,30.00,30.00,-30.00,
0.47,-1.53,27.23,42.73,-30.00,30.00,30.00,-30.00,
0.56,-1.52,27.44,42.73,-30.00,30.00,30.00,-30.00,
0.60,-1.49,27.64,42.73,-30.00,30.00,30.00,-30.00,
0.62,-1.46,27.86,39.91,-30.00,30.00,30.00,-30.00,
0.61,-1.42,28.09,39.91,-30.00,30.00,30.00,-30.00,
0.53,-1.37,28.35,39.91,-30.00,30.00,30.00,-30.00,
0.47,-1.30,28.64,39.91,-30.00,30.00,30.00,-30.00,
0.36,-1.19,29.25,35.94,-30.00,30.00,30.00,-30.00,
0.28,-1.15,29.52,35.94,-30.00,30.00,30.00,-30.00,
0.19,-1.11,29.74,35.94,-30.00,30.00,30.00,-30.00,
0.13,-1.07,29.92,35.94,-30.00,30.00,30.00,-30.00,
0.05,-1.04,30.05,35.94,-30.00,30.00,30.00,-30.00,
-0.00,-1.02,30.12,35.94,-30.00,30.00,30.00,-30.00,
-0.06,-1.04,30.15,35.16,-30.00,30.00,30.00,-30.00,
-0.11,-1.08,30.14,35.16,-30.00,30.00,30.00,-30.00,
-0.16,-1.10,30.10,35.16,-30.00,30.00,30.00,-30.00,
-0.21,-1.13,30.04,35.16,-30.00,30.00,30.00,-30.00,
-0.27,-1.16,29.99,35.16,-30.00,30.00,30.00,-30.00,
-0.32,-1.19,29.93,32.61,-30.00,30.00,30.00,-30.00,
-0.40,-1.20,29.87,32.61,-30.00,30.00,30.00,-30.00,
-0.48,-1.22,29.82,32.61,-30.00,30.00,30.00,-30.00,
-0.58,-1.26,29.77,32.61,-30.00,30.00,30.00,-30.00,
-0.65,-1.28,29.72,32.61,-30.00,30.00,30.00,-30.00,
-0.73,-1.29,29.68,28.83,-30.00,30.00,30.00,-30.00,
-0.82,-1.32,29.64,28.83,-30.00,30.00,30.00,-30.00,
-0.89,-1.34,29.62,28.83,-30.00,30.00,30.00,-30.00,
-0.96,-1.37,29.60,28.83,-30.00,30.00,30.00,-30.00,
-1.02,-1.39,29.59,28.83,-30.00,30.00,30.00,-30.00,
-1.07,-1.41,29.57,26.18,-30.00,30.00,30.00,-30.00,
-1.11,-1.42,29.54,26.18,-30.00,30.00,30.00,-30.00,
-1.15,-1.45,29.50,26.18,-30.00,30.00,30.00,-30.00,
-1.18,-1.46,29.47,26.18,-30.00,30.00,30.00,-30.00,
-1.21,-1.48,29.43,26.18,-30.00,30.00,30.00,-30.00,
-1.23,-1.49,29.41,24.33,-30.00,30.00,30.00,-30.00,
-1.25,-1.51,29.39,24.33,-30.00,30.00,30.00,-30.00,
-1.25,-1.52,29.38,24.33,-30.00,30.00,30.00,-30.00,
-1.25,-1.55,29.37,24.33,-30.00,30.00,30.00,-30.00,
-1.25,-1.56,29.36,24.33,-30.00,30.00,30.00,-30.00,
-1.25,-1.59,29.35,24.33,-30.00,30.00,30.00,-30.00,
-1.26,-1.61,29.33,25.03,-30.00,30.00,30.00,-30.00,
-1.26,-1.64,29.32,25.03,-30.00,30.00,30.00,-30.00,
-1.27,-1.67,29.31,25.03,-30.00,30.00,30.00,-30.00,
-1.26,-1.71,29.30,25.03,-30.00,30.00,30.00,-30.00,
-1.27,-1.81,29.28,21.52,-30.00,30.00,30.00,-30.00,
-1.29,-1.87,29.27,21.52,-30.00,30.00,30.00,-30.00,
-1.29,-1.93,29.26,21.52,-30.00,30.00,30.00,-30.00,
-1.30,-1.97,29.25,21.52,-30.00,30.00,30.00,-30.00,
-1.32,-2.04,29.23,21.52,-30.00,30.00,30.00,-30.00,
-1.33,-2.08,29.22,19.06,-30.00,30.00,30.00,-30.00,
-1.35,-2.12,29.20,19.06,-30.00,30.00,30.00,-30.00,
-1.37,-2.20,29.19,19.06,-30.00,30.00,30.00,-30.00,
-1.37,-2.22,29.18,19.06,-30.00,30.00,30.00,-30.00,
-1.38,-2.24,29.17,17.34,-30.00,30.00,30.00,-30.00,
-1.39,-2.26,29.17,17.34,-30.00,30.00,30.00,-30.00,
-1.40,-2.29,29.17,17.34,-30.00,30.00,30.00,-30.00,
-1.40,-2.31,29.17,17.34,-30.00,30.00,30.00,-30.00,
-1.41,-2.32,29.17,17.34,-30.00,30.00,30.00,-30.00,
-1.41,-2.34,29.17,17.34,-30.00,30.00,30.00,-30.00,
-1.42,-2.35,29.17,16.14,-30.00,30.00,30.00,-30.00,
-1.42,-2.36,29.18,16.14,-30.00,30.00,30.00,-30.00,
-1.42,-2.37,29.18,16.14,-30.00,30.00,30.00,-30.00,
-1.44,-2.39,29.18,16.14,-30.00,30.00,30.00,-30.00,
-1.44,-2.41,29.20,16.14,-30.00,30.00,30.00,-30.00,
-1.45,-2.41,29.20,15.30,-30.00,30.00,30.00,-30.00,
-1.46,-2.43,29.20,15.30,-30.00,30.00,30.00,-30.00,
-1.46,-2.43,29.21,15.30,-30.00,30.00,30.00,-30.00,
-1.48,-2.45,29.22,15.30,-30.00,30.00,30.00,-30.00,
-1.49,-2.47,29.24,15.30,-30.00,30.00,30.00,-30.00,
-1.49,-2.49,29.24,14.71,-30.00,30.00,30.00,-30.00,
-1.49,-2.50,29.25,14.71,-30.00,30.00,30.00,-30.00,
-1.49,-2.51,29.27,14.71,-30.00,30.00,30.00,-30.00,
-1.48,-2.52,29.28,14.71,-30.00,30.00,30.00,-30.00,
-1.49,-2.54,29.30,14.71,-30.00,30.00,30.00,-30.00,
-1.49,-2.55,29.30,12.30,-30.00,30.00,30.00,-30.00,
-1.49,-2.55,29.30,12.30,-30.00,30.00,30.00,-30.00,
-1.49,-2.56,29.30,12.30,-30.00,30.00,30.00,-30.00,
-1.49,-2.57,29.31,12.30,-30.00,30.00,30.00,-30.00,
-1.50,-2.58,29.32,12.30,-30.00,30.00,30.00,-30.00,
-1.50,-2.59,29.33,10.61,-30.00,30.00,30.00,-30.00,
-1.51,-2.59,29.34,10.61,-30.00,30.00,30.00,-30.00,
-1.52,-2.60,29.35,10.61,-30.00,30.00,30.00,-30.00,
-1.53,-2.61,29.35,10.61,-30.00,30.00,30.00,-30.00,
-1.54,-2.61,29.35,10.61,-30.00,30.00,30.00,-30.00,
-1.54,-2.62,29.35,9.43,-30.00,30.00,30.00,-30.00,
-1.55,-2.62,29.36,9.43,-30.00,30.00,30.00,-30.00,
-1.55,-2.62,29.37,9.43,-30.00,30.00,30.00,-30.00,
-1.56,-2.61,29.38,9.43,-30.00,30.00,30.00,-30.00,
-1.56,-2.61,29.39,8.60,-30.00,30.00,30.00,-30.00,
-1.56,-2.61,29.41,8.60,-30.00,30.00,30.00,-30.00,
-1.57,-2.60,29.42,8.60,-30.00,30.00,30.00,-30.00,
-1.57,-2.60,29.43,8.60,-30.00,30.00,30.00,-30.00,
-1.58,-2.60,29.43,8.60,-30.00,30.00,30.00,-30.00,
-1.58,-2.60,29.42,8.60,-30.00,30.00,30.00,-30.00,
-1.59,-2.61,29.41,8.02,-30.00,30.00,30.00,-30.00,
-1.59,-2.61,29.40,8.02,-30.00,30.00,30.00,-30.00,
-1.59,-2.61,29.38,8.02,-30.00,30.00,30.00,-30.00,
-1.59,-2.61,29.37,8.02,-30.00,30.00,30.00,-30.00,
-1.60,-2.61,29.35,8.02,-30.00,30.00,30.00,-30.00,
-1.59,-2.60,29.33,5.61,-30.00,30.00,30.00,-30.00,
-1.59,-2.59,29.33,5.61,-30.00,30.00,30.00,-30.00,
-1.59,-2.59,29.33,5.61,-30.00,30.00,30.00,-30.00,
-1.59,-2.58,29.33,5.61,-30.00,30.00,30.00,-30.00,
-1.59,-2.58,29.32,5.61,-30.00,30.00,30.00,-30.00,
-1.59,-2.57,29.31,3.93,-30.00,30.00,30.00,-30.00,
-1.60,-2.57,29.30,3.93,-30.00,30.00,30.00,-30.00,
-1.60,-2.56,29.29,3.93,-30.00,30.00,30.00,-30.00,
-1.61,-2.56,29.29,3.93,-30.00,30.00,30.00,-30.00,
-1.62,-2.55,29.30,3.93,-30.00,30.00,30.00,-30.00,
-1.63,-2.55,29.30,4.75,-30.00,30.00,30.00,-30.00,
-1.63,-2.54,29.31,4.75,-30.00,30.00,30.00,-30.00,
-1.64,-2.54,29.31,4.75,-30.00,30.00,30.00,-30.00,
-1.65,-2.54,29.31,4.75,-30.00,30.00,30.00,-30.00,
-1.67,-2.54,29.31,4.75,-30.00,30.00,30.00,-30.00,
-1.67,-2.53,29.31,4.75,-30.00,30.00,30.00,-30.00,
-1.68,-2.53,29.32,3.33,-30.00,30.00,30.00,-30.00,
-1.69,-2.53,29.32,3.33,-30.00,30.00,30.00,-30.00,
-1.69,-2.54,29.33,3.33,-30.00,30.00,30.00,-30.00,
-1.69,-2.54,29.33,3.33,-30.00,30.00,30.00,-30.00,
-1.70,-2.54,29.32,3.33,-30.00,30.00,30.00,-30.00,
-1.70,-2.55,29.30,2.33,-30.00,30.00,30.00,-30.00,
-1.71,-2.55,29.28,2.33,-30.00,30.00,30.00,-30.00,
-1.71,-2.56,29.27,2.33,-30.00,30.00,30.00,-30.00,
-1.71,-2.56,29.26,2.33,-30.00,30.00,30.00,-30.00,
-1.71,-2.57,29.24,1.63,-30.00,30.00,30.00,-30.00,
-1.71,-2.57,29.22,1.63,-30.00,30.00,30.00,-30.00,
-1.71,-2.57,29.19,1.63,-30.00,30.00,30.00,-30.00,
-1.71,-2.57,29.17,1.63,-30.00,30.00,30.00,-30.00,
-1.71,-2.57,29.15,1.14,-30.00,30.00,30.00,-30.00,
-1.72,-2.56,29.14,1.14,-30.00,30.00,30.00,-30.00,
-1.72,-2.56,29.13,1.14,-30.00,30.00,30.00,-30.00,
-1.72,-2.56,29.12,1.14,-30.00,30.00,30.00,-30.00,
-1.73,-2.56,29.10,1.14,-30.00,30.00,30.00,-30.00,
-1.73,-2.56,29.09,0.80,-30.00,30.00,30.00,-30.00,
-1.74,-2.56,29.08,0.80,-30.00,30.00,30.00,-30.00,
-1.74,-2.56,29.06,0.80,-30.00,30.00,30.00,-30.00,
-1.75,-2.56,29.05,0.80,-30.00,30.00,30.00,-30.00,
-1.75,-2.56,29.04,0.80,-30.00,30.00,30.00,-30.00,
-1.76,-2.56,29.03,0.56,-30.00,30.00,30.00,-30.00,
-1.76,-2.56,29.01,0.56,-30.00,30.00,30.00,-30.00,
-1.77,-2.57,29.00,0.56,-30.00,30.00,30.00,-30.00,
-1.77,-2.57,28.99,0.56,-30.00,30.00,30.00,-30.00,
-1.77,-2.57,28.97,0.56,-30.00,30.00,30.00,-30.00,
-1.78,-2.58,28.96,0.39,-30.00,30.00,30.00,-30.00,
-1.78,-2.58,28.94,0.39,-30.00,30.00,30.00,-30.00,
-1.78,-2.58,28.93,0.39,-30.00,30.00,30.00,-30.00,
-1.78,-2.58,28.91,0.39,-30.00,30.00,30.00,-30.00,
-1.78,-2.59,28.89,0.39,-30.00,30.00,30.00,-30.00,
-1.78,-2.59,28.88,0.27,-30.00,30.00,30.00,-30.00,
-1.78,-2.59,28.86,0.27,-30.00,30.00,30.00,-30.00,
-1.78,-2.59,28.85,0.27,-30.00,30.00,30.00,-30.00,
-1.78,-2.59,28.83,0.27,-30.00,30.00,30.00,-30.00,
-1.79,-2.59,28.81,0.19,-30.00,30.00,30.00,-30.00,
-1.79,-2.59,28.79,0.19,-30.00,30.00,30.00,-30.00,
-1.79,-2.59,28.78,0.19,-30.00,30.00,30.00,-30.00,
-1.80,-2.59,28.77,0.19,-30.00,30.00,30.00,-30.00,
-1.80,-2.59,28.75,0.19,-30.00,30.00,30.00,-30.00,
-1.81,-2.59,28.74,0.13,-30.00,30.00,30.00,-30.00,
-1.81,-2.59,28.73,0.13,-30.00,30.00,30.00,-30.00,
-1.82,-2.59,28.72,0.13,-30.00,30.00,30.00,-30.00,
-1.82,-2.59,28.70,0.13,-30.00,30.00,30.00,-30.00,
-1.82,-2.59,28.69,0.13,-30.00,30.00,30.00,-30.00,
-1.83,-2.59,28.68,0.09,-30.00,30.00,30.00,-30.00,
-1.83,-2.59,28.66,0.09,-30.00,30.00,30.00,-30.00,
-1.83,-2.60,28.65,0.09,-30.00,30.00,30.00,-30.00,
-1.83,-2.60,28.63,0.09,-30.00,30.00,30.00,-30.00,
-1.83,-2.60,28.62,0.09,-30.00,30.00,30.00,-30.00,
-1.83,-2.60,28.60,0.07,-30.00,30.00,30.00,-30.00,
-1.83,-2.60,28.59,0.07,-30.00,30.00,30.00,-30.00,
-1.83,-2.60,28.57,0.07,-30.00,30.00,30.00,-30.00,
-1.84,-2.61,28.56,0.07,-30.00,30.00,30.00,-30.00,
-1.84,-2.61,28.54,0.07,-30.00,30.00,30.00,-30.00,
-1.84,-2.61,28.53,0.07,-30.00,30.00,30.00,-30.00,
-1.84,-2.61,28.51,0.05,-30.00,30.00,30.00,-30.00,
-1.84,-2.61,28.50,0.05,-30.00,30.00,30.00,-30.00,
-1.85,-2.61,28.49,0.05,-30.00,30.00,30.00,-30.00,
-1.85,-2.61,28.47,0.05,-30.00,30.00,30.00,-30.00,
-1.85,-2.61,28.46,0.05,-30.00,30.00,30.00,-30.00,
-1.86,-2.61,28.45,0.03,-30.00,30.00,30.00,-30.00,
-1.86,-2.61,28.44,0.03,-30.00,30.00,30.00,-30.00,
-1.87,-2.61,28.42,0.03,-30.00,30.00,30.00,-30.00,
-1.87,-2.61,28.41,0.03,-30.00,30.00,30.00,-30.00,
-1.87,-2.61,28.40,0.03,-30.00,30.00,30.00,-30.00,
-1.88,-2.61,28.38,0.02,-30.00,30.00,30.00,-30.00,
-1.88,-2.61,28.37,0.02,-30.00,30.00,30.00,-30.00,
-1.88,-2.62,28.36,0.02,-30.00,30.00,30.00,-30.00,
-1.88,-2.62,28.34,0.02,-30.00,30.00,30.00,-30.00,
-1.88,-2.62,28.33,0.02,-30.00,30.00,30.00,-30.00,
-1.88,-2.62,28.31,0.02,-30.00,30.00,30.00,-30.00,
-1.89,-2.62,28.30,0.02,-30.00,30.00,30.00,-30.00,
-1.89,-2.62,28.28,0.02,-30.00,30.00,30.00,-30.00,
-1.89,-2.62,28.27,0.02,-30.00,30.00,30.00,-30.00,
-1.89,-2.62,28.24,0.01,-30.00,30.00,30.00,-30.00,
-1.89,-2.62,28.23,0.01,-30.00,30.00,30.00,-30.00,
-1.89,-2.62,28.21,0.01,-30.00,30.00,30.00,-30.00,
-1.90,-2.63,28.20,0.01,-30.00,30.00,30.00,-30.00,
-1.90,-2.63,28.19,0.01,-30.00,30.00,30.00,-30.00,
-1.90,-2.63,28.17,0.01,-30.00,30.00,30.00,-30.00,
-1.90,-2.63,28.16,0.01,-30.00,30.00,30.00,-30.00,
-1.91,-2.63,28.15,0.01,-30.00,30.00,30.00,-30.00,
-1.91,-2.63,28.13,0.01,-30.00,30.00,30.00,-30.00,
-1.91,-2.63,28.12,0.01,-30.00,30.00,30.00,-30.00,
-1.92,-2.63,28.11,0.01,-30.00,30.00,30.00,-30.00,
-1.92,-2.62,28.09,0.01,-30.00,30.00,30.00,-30.00,
-1.92,-2.63,28.08,0.01,-30.00,30.00,30.00,-30.00,
-1.92,-2.63,28.07,0.01,-30.00,30.00,30.00,-30.00,
-1.92,-2.63,28.05,0.01,-30.00,30.00,30.00,-30.00,
-1.93,-2.63,28.04,0.01,-30.00,30.00,30.00,-30.00,
-1.93,-2.63,28.03,0.01,-30.00,30.00,30.00,-30.00,
-1.92,-2.63,28.01,0.01,-30.00,30.00,30.00,-30.00,
-1.92,-2.63,27.99,0.01,-30.00,30.00,30.00,-30.00,
-1.93,-2.62,27.95,0.01,-30.00,30.00,30.00,-30.00,
-1.93,-2.63,27.94,0.01,-30.00,30.00,30.00,-30.00,
-1.91,-2.63,27.93,0.01,-30.00,30.00,30.00,-30.00,
-1.92,-2.63,27.90,0.01,-30.00,30.00,30.00,-30.00,
-1.91,-2.63,27.90,0.01,-30.00,30.00,30.00,-30.00,
-1.91,-2.64,27.91,0.01,-30.00,30.00,30.00,-30.00,
-1.91,-2.63,27.96,0.01,-30.00,30.00,30.00,-30.00,
-1.91,-2.63,28.03,0.01,-30.00,30.00,30.00,-30.00,
-1.90,-2.63,28.11,0.01,-30.00,30.00,30.00,-30.00,
-1.89,-2.63,28.17,0.01,-30.00,30.00,30.00,-30.00,
-1.89,-2.64,28.20,0.01,-30.00,30.00,30.00,-30.00,
-1.90,-2.66,28.18,0.01,-30.00,30.00,30.00,-30.00,
-1.94,-2.70,28.16,0.01,-30.00,30.00,30.00,-30.00,
-1.93,-2.73,28.12,0.01,-30.00,30.00,30.00,-30.00,
-1.94,-2.76,28.08,0.01,-30.00,30.00,30.00,-30.00,
-2.01,-2.76,28.02,0.01,-30.00,30.00,30.00,-30.00,
-2.02,-2.77,28.02,0.01,-30.00,30.00,30.00,-30.00,
-2.05,-2.78,28.02,0.01,-30.00,30.00,30.00,-30.00,
-2.09,-2.76,28.04,0.01,-30.00,30.00,30.00,-30.00,
-2.13,-2.74,28.06,0.01,-30.00,30.00,30.00,-30.00,
-2.16,-2.73,28.07,0.01,-30.00,30.00,30.00,-30.00,
-2.18,-2.70,28.06,0.01,-30.00,30.00,30.00,-30.00,
-2.21,-2.67,28.06,0.01,-30.00,30.00,30.00,-30.00,
-2.23,-2.64,28.07,0.01,-30.00,30.00,30.00,-30.00,
-2.24,-2.62,28.04,0.01,-30.00,30.00,30.00,-30.00,
-2.22,-2.60,27.97,0.01,-30.00,30.00,30.00,-30.00,
-2.20,-2.60,27.84,0.01,-30.00,30.00,30.00,-30.00,
-2.17,-2.60,27.68,0.01,-30.00,30.00,30.00,-30.00,
-2.15,-2.60,27.53,0.01,-30.00,30.00,30.00,-30.00,
-2.12,-2.59,27.39,0.01,-30.00,30.00,30.00,-30.00,
-2.12,-2.59,27.26,0.01,-30.00,30.00,30.00,-30.00,
-2.11,-2.58,27.13,0.01,-30.00,30.00,30.00,-30.00,
-2.13,-2.58,27.00,0.01,-30.00,30.00,30.00,-30.00,
-2.15,-2.58,26.89,0.01,-30.00,30.00,30.00,-30.00,
-2.18,-2.56,26.78,0.01,-30.00,30.00,30.00,-30.00,
-2.24,-2.57,26.58,0.01,-30.00,30.00,30.00,-30.00,
-2.26,-2.61,26.55,0.01,-30.00,30.00,30.00,-30.00,
-2.29,-2.65,26.50,0.01,-30.00,30.00,30.00,-30.00,
-2.32,-2.70,26.48,0.01,-30.00,30.00,30.00,-30.00,
-2.35,-2.72,26.50,0.01,-30.00,30.00,30.00,-30.00,
-2.34,-2.77,26.59,0.01,-30.00,30.00,30.00,-30.00,
-2.28,-2.85,26.83,0.01,-30.00,30.00,30.00,-30.00,
-2.24,-2.86,27.08,0.01,-30.00,30.00,30.00,-30.00,
-2.21,-2.88,27.24,0.01,-30.00,30.00,30.00,-30.00,
-2.28,-2.83,27.55,0.01,-30.00,30.00,30.00,-30.00,
-2.31,-2.80,27.76,0.01,-30.00,30.00,30.00,-30.00,
-2.36,-2.77,27.98,0.01,-30.00,30.00,30.00,-30.00,
-2.44,-2.74,28.14,0.01,-30.00,30.00,30.00,-30.00,
-2.52,-2.71,28.20,0.01,-30.00,30.00,30.00,-30.00,
-2.62,-2.65,28.22,0.01,-30.00,30.00,30.00,-30.00,
-2.63,-2.65,28.19,0.01,-30.00,30.00,30.00,-30.00,
-2.60,-2.63,28.11,0.01,-30.00,30.00,30.00,-30.00,
-2.58,-2.63,28.03,0.01,-30.00,30.00,30.00,-30.00,
-2.52,-2.63,27.96,0.01,-30.00,30.00,30.00,-30.00,
-2.42,-2.64,27.87,0.01,-30.00,30.00,30.00,-30.00,
-2.41,-2.54,27.95,0.01,-30.00,30.00,30.00,-30.00,
-2.64,-2.44,28.05,0.01,-30.00,30.00,30.00,-30.00,
-2.89,-2.31,28.46,0.01,-30.00,30.00,30.00,-30.00,
-3.20,-2.18,29.02,0.01,-30.00,30.00,30.00,-30.00,
-3.23,-2.18,29.45,0.01,-30.00,30.00,30.00,-30.00,
-3.46,-2.21,29.42,0.01,30.00,30.00,30.00,-30.00,
-3.90,-2.24,28.92,0.01,30.00,-30.00,30.00,-30.00,
-4.24,-2.31,28.37,0.01,30.00,-30.00,30.00,-30.00,
-4.51,-2.29,28.02,0.01,30.00,30.00,30.00,-30.00,