30.00,

0.43,-0.27,0.10,0.01,-30.00,-30.00,-30.00,30.00,

0.44,-0.26,0.10,0.01,-30.00,30.00,-30.00,-30.00,

0.45,-0.26,0.11,0.01,-30.00,30.00,-30.00,-30.00,

0.45,-0.26,0.14,0.01,-30.00,30.00,30.00,-30.00,

0.45,-0.27,0.17,0.01,-30.00,30.00,30.00,-30.00,

0.36,-0.29,-0.05,0.01,30.00,-30.00,30.00,30.00,

0.36,-0.29,0.05,0.01,-30.00,30.00,30.00,-30.00,

0.39,-0.30,0.18,0.01,-30.00,30.00,30.00,-30.00,

0.42,-0.29,0.23,0.01,-30.00,30.00,-30.00,-30.00,

0.41,-0.28,0.19,0.01,30.00,-30.00,-30.00,30.00,

0.40,-0.28,0.11,0.01,30.00,-30.00,-30.00,30.00,

0.40,-0.29,0.05,0.01,30.00,-30.00,-30.00,30.00,

0.40,-0.30,0.01,0.01,30.00,-30.00,-30.00,30.00,

0.39,-0.31,0.02,0.01,-30.00,-30.00,30.00,-30.00,

0.37,-0.35,0.14,0.01,-30.00,30.00,30.00,-30.00,

0.34,-0.37,0.14,0.01,30.00,-30.00,30.00,-30.00,

0.29,-0.38,0.09,0.01,30.00,-30.00,30.00,30.00,

0.24,-0.39,0.04,0.01,30.00,-30.00,30.00,30.00,

0.21,-0.41,0.02,0.01,30.00,-30.00,30.00,-30.00,

0.19,-0.43,0.05,0.01,30.00,-30.00,30.00,-30.00,

0.18,-0.44,0.12,0.01,-30.00,30.00,30.00,-30.00,

0.20,-0.45,0.13,0.01,-30.00,-30.00,-30.00,-30.00,

0.19,-0.45,0.04,0.01,30.00,-30.00,-30.00,30.00,

0.17,-0.44,-0.08,0.01,30.00,-30.00,-30.00,30.00,

0.16,-0.44,-0.15,0.01,30.00,-30.00,-30.00,30.00,

0.18,-0.45,-0.18,0.01,-30.00,-30.00,-30.00,-30.00,

0.20,-0.44,-0.16,0.01,-30.00,30.00,-30.00,30.00,

0.21,-0.43,-0.14,0.01,-30.00,30.00,-30.00,-30.00,

0.23,-0.42,-0.16,0.01,-30.00,-30.00,-30.00,30.00,

0.23,-0.39,-0.22,0.01,30.00,-30.00,-30.00,30.00,

0.21,-0.39,-0.24,0.01,30.00,-30.00,30.00,30.00,

0.20,-0.39,-0.19,0.01,-30.00,30.00,30.00,-30.00,

0.20,-0.39,-0.08,0.01,-30.00,30.00,30.00,-30.00,

0.21,-0.39,0.01,0.01,-30.00,30.00,30.00,-30.00,

0.20,-0.40,0.00,0.01,30.00,-30.00,30.00,-30.00,

0.16,-0.41,-0.09,0.01,30.00,-30.00,-30.00,30.00,

0.12,-0.42,-0.15,0.01,30.00,-30.00,-30.00,30.00,

0.12,-0.45,-0.17,0.01,30.00,-30.00,-30.00,-30.00,

0.11,-0.46,-0.14,0.01,30.00,-30.00,30.00,-30.00,

0.12,-0.48,-0.11,0.01,-30.00,-30.00,-30.00,-30.00,

0.12,-0.49,-0.15,0.01,30.00,-30.00,-30.00,-30.00,

0.09,-0.50,-0.22,0.01,30.00,-30.00,-30.00,30.00,

0.06,-0.52,-0.26,0.01,30.00,-30.00,30.00,-30.00,

0.04,-0.54,-0.17,0.01,-30.00,30.00,30.00,-30.00,

0.03,-0.55,-0.15,0.01,30.00,-30.00,30.00,-30.00,

-0.01,-0.56,-0.19,0.01,30.00,-30.00,30.00,30.00,

-0.04,-0.57,-0.22,0.01,30.00,-30.00,30.00,-30.00,

-0.06,-0.57,-0.18,0.01,-30.00,30.00,30.00,-30.00,

-0.06,-0.59,-0.07,0.01,-30.00,30.00,30.00,-30.00,

-0.05,-0.60,-0.03,0.01,-30.00,-30.00,30.00,-30.00,

-0.07,-0.61,-0.10,0.01,30.00,-30.00,-30.00,30.00,

-0.10,-0.61,-0.22,0.01,30.00,-30.00,-30.00,30.00,

-0.08,-0.68,-0.55,0.01,30.00,-30.00,-30.00,30.00,

-0.10,-0.70,-0.72,0.01,30.00,-30.00,-30.00,30.00,

-0.11,-0.71,-0.90,0.01,30.00,-30.00,-30.00,30.00,

-0.11,-0.73,-1.02,0.01,30.00,-30.00,-30.00,30.00,

-0.11,-0.73,-1.07,0.01,30.00,-30.00,-30.00,30.00,

-0.12,-0.72,-1.09,0.01,30.00,-30.00,-30.00,30.00,

-0.12,-0.71,-1.09,0.01,30.00,-30.00,-30.00,30.00,

-0.15,-0.70,-1.06,0.01,30.00,30.00,30.00,-30.00,

-0.17,-0.68,-1.00,0.01,30.00,30.00,30.00,-30.00,

-0.18,-0.66,-0.92,0.01,-30.00,30.00,30.00,-30.00,

-0.18,-0.65,-0.82,0.01,-30.00,30.00,30.00,-30.00,

-0.16,-0.64,-0.74,0.01,-30.00,30.00,30.00,-30.00,

-0.14,-0.64,-0.69,0.01,-30.00,30.00,30.00,-30.00,

-0.11,-0.66,-0.64,0.01,-30.00,-30.00,-30.00,-30.00,

-0.09,-0.68,-0.60,0.01,-30.00,-30.00,-30.00,-30.00,

-0.05,-0.72,-0.55,0.01,-30.00,-30.00,-30.00,-30.00,

-0.02,-0.77,-0.52,0.01,-30.00,-30.00,-30.00,-30.00,

0.01,-0.83,-0.47,0.01,-30.00,-30.00,-30.00,-30.00,

0.01,-0.92,-0.47,0.01,-30.00,-30.00,-30.00,-30.00,

-0.01,-1.00,-0.49,0.01,30.00,-30.00,30.00,-30.00,

-0.06,-1.11,-0.52,0.01,30.00,-30.00,30.00,-30.00,

-0.09,-1.20,-0.59,0.01,30.00,-30.00,-30.00,-30.00,

-0.17,-1.27,-0.67,0.01,30.00,-30.00,30.00,-30.00,

-0.23,-1.33,-0.68,0.01,30.00,-30.00,30.00,-30.00,

-0.31,-1.40,-0.63,0.01,30.00,-30.00,30.00,-30.00,

-0.40,-1.43,-0.53,0.01,30.00,-30.00,30.00,-30.00,

-0.47,-1.44,-0.39,0.01,30.00,30.00,30.00,-30.00,

-0.52,-1.41,-0.18,0.01,-30.00,30.00,30.00,-30.00,

-0.54,-1.37,0.13,0.01,-30.00,30.00,30.00,-30.00,

-0.63,-1.20,1.04,0.01,-30.00,30.00,30.00,-30.00,

-0.69,-1.17,1.28,0.01,-30.00,30.00,30.00,-30.00,

-0.78,-1.14,1.42,0.01,30.00,30.00,30.00,-30.00,

-0.88,-1.10,1.47,0.01,30.00,30.00,30.00,-30.00,

-0.98,-1.08,1.44,0.01,30.00,30.00,30.00,30.00,

-1.09,-1.07,1.39,0.01,30.00,-30.00,30.00,-30.00,

-1.17,-1.06,1.35,0.01,30.00,-30.00,30.00,-30.00,

-1.23,-1.05,1.34,0.01,30.00,-30.00,30.00,-30.00,

-1.25,-1.06,1.39,0.01,-30.00,-30.00,30.00,-30.00,

-1.22,-1.08,1.37,0.01,-30.00,-30.00,30.00,-30.00,

-1.17,-1.09,1.33,0.01,-30.00,-30.00,-30.00,-30.00,

-1.12,-1.12,1.26,0.01,-30.00,-30.00,-30.00,-30.00,

-1.07,-1.14,1.19,0.01,-30.00,-30.00,-30.00,-30.00,

-1.02,-1.17,1.12,0.01,-30.00,-30.00,-30.00,-30.00,

-0.96,-1.20,1.05,0.01,-30.00,-30.00,-30.00,-30.00,

-0.90,-1.23,1.01,0.01,-30.00,-30.00,-30.00,-30.00,

-0.85,-1.25,0.96,0.01,-30.00,-30.00,-30.00,-30.00,

-0.79,-1.28,0.87,0.01,-30.00,-30.00,-30.00,-30.00,

-0.77,-1.29,0.84,0.01,30.00,-30.00,-30.00,-30.00,

-0.76,-1.30,0.81,0.01,30.00,-30.00,-30.00,-30.00,

-0.74,-1.31,0.79,0.01,30.00,-30.00,30.00,-30.00,

-0.74,-1.32,0.80,0.01,30.00,-30.00,30.00,-30.00,

-0.75,-1.32,0.81,0.01,30.00,-30.00,30.00,-30.00,

-0.77,-1.33,0.82,0.01,30.00,-30.00,30.00,-30.00,

-0.79,-1.33,0.84,0.01,30.00,-30.00,30.00,-30.00,

-0.82,-1.33,0.87,0.01,30.00,-30.00,30.00,-30.00,

-0.85,-1.33,0.90,0.01,30.00,-30.00,30.00,-30.00,

-0.89,-1.32,0.94,0.01,30.00,30.00,30.00,-30.00,

-0.93,-1.32,0.99,0.01,30.00,30.00,30.00,-30.00,

-0.97,-1.31,1.04,0.01,30.00,30.00,30.00,-30.00,

-1.01,-1.30,1.09,0.01,30.00,30.00,30.00,-30.00,

-1.05,-1.29,1.12,0.01,30.00,30.00,30.00,-30.00,

-1.09,-1.29,1.14,0.01,30.00,30.00,30.00,-30.00,

-1.12,-1.29,1.14,0.01,30.00,-30.00,30.00,-30.00,

-1.15,-1.29,1.13,0.01,30.00,-30.00,30.00,-30.00,

-1.17,-1.29,1.12,0.01,30.00,-30.00,30.00,-30.00,

-1.17,-1.30,1.11,0.01,30.00,-30.00,30.00,-30.00,

-1.16,-1.31,1.10,0.01,30.00,-30.00,30.00,-30.00,

-1.15,-1.32,1.09,0.01,30.00,-30.00,30.00,-30.00,

-1.13,-1.34,1.06,0.01,30.00,-30.00,30.00,-30.00,

-1.11,-1.35,1.03,0.01,30.00,-30.00,-30.00,-30.00,

-1.10,-1.37,0.99,0.01,30.00,-30.00,-30.00,-30.00,

-1.09,-1.38,0.95,0.01,30.00,-30.00,-30.00,-30.00,

-1.07,-1.40,0.92,0.01,30.00,-30.00,-30.00,-30.00,

-1.05,-1.41,0.89,0.01,30.00,-30.00,30.00,-30.00,

-1.04,-1.42,0.87,0.01,30.00,-30.00,30.00,-30.00,

-1.03,-1.44,0.84,0.01,30.00,-30.00,30.00,-30.00,

-1.03,-1.45,0.83,0.01,30.00,-30.00,30.00,-30.00,

-1.04,-1.45,0.83,0.01,30.00,-30.00,30.00,-30.00,

-1.05,-1.46,0.84,0.01,30.00,-30.00,30.00,-30.00,

-1.06,-1.46,0.85,0.01,30.00,-30.00,30.00,-30.00,

-1.08,-1.46,0.87,0.01,30.00,-30.00,30.00,-30.00,

-1.10,-1.46,0.89,0.01,30.00,-30.00,30.00,-30.00,

-1.12,-1.45,0.91,0.01,30.00,-30.00,30.00,-30.00,

-1.14,-1.45,0.94,0.01,30.00,-30.00,30.00,-30.00,

-1.19,-1.44,0.97,0.01,30.00,-30.00,30.00,-30.00,

-1.21,-1.44,0.99,0.01,30.00,-30.00,30.00,-30.00,

-1.23,-1.44,0.99,0.01,30.00,-30.00,30.00,-30.00,

-1.24,-1.44,0.99,0.01,30.00,-30.00,30.00,-30.00,

-1.25,-1.44,0.99,0.01,30.00,-30.00,30.00,-30.00,

-1.26,-1.44,0.99,0.01,30.00,-30.00,30.00,-30.00,

-1.25,-1.45,0.98,0.01,30.00,-30.00,30.00,-30.00,

-1.25,-1.45,0.97,0.01,30.00,-30.00,30.00,-30.00,

-1.24,-1.46,0.96,0.01,30.00,-30.00,30.00,-30.00,

-1.23,-1.47,0.94,0.01,30.00,-30.00,30.00,-30.00,

-1.22,-1.48,0.92,0.01,30.00,-30.00,30.00,-30.00,

-1.22,-1.49,0.90,0.01,30.00,-30.00,30.00,-30.00,

-1.21,-1.50,0.88,0.01,30.00,-30.00,30.00,-30.00,

-1.20,-1.51,0.87,0.01,30.00,-30.00,30.00,-30.00,

-1.20,-1.52,0.85,0.01,30.00,-30.00,30.00,-30.00,

-1.20,-1.53,0.85,0.01,30.00,-30.00,30.00,-30.00,

-1.20,-1.54,0.84,0.01,30.00,-30.00,30.00,-30.00,

-1.20,-1.55,0.84,0.01,30.00,-30.00,30.00,-30.00,

-1.21,-1.55,0.84,0.01,30.00,-30.00,30.00,-30.00,

-1.23,-1.55,0.85,0.01,30.00,-30.00,30.00,-30.00,

-1.24,-1.56,0.86,0.01,30.00,-30.00,30.00,-30.00,

-1.26,-1.56,0.87,0.01,30.00,-30.00,30.00,-30.00,

-1.27,-1.55,0.88,0.01,30.00,-30.00,30.00,-30.00,

-1.29,-1.55,0.89,0.01,30.00,-30.00,30.00,-30.00,

-1.31,-1.55,0.90,0.01,30.00,-30.00,30.00,-30.00,

-1.32,-1.55,0.90,0.01,30.00,-30.00,30.00,-30.00,

-1.33,-1.55,0.91,0.01,30.00,-30.00,30.00,-30.00,

-1.33,-1.55,0.91,0.01,30.00,-30.00,30.00,-30.00,

-1.34,-1.55,0.91,0.01,30.00,-30.00,30.00,-30.00,

-1.34,-1.55,0.90,0.01,30.00,-30.00,30.00,-30.00,

-1.34,-1.56,0.89,0.01,30.00,-30.00,30.00,-30.00,

-1.34,-1.56,0.88,0.01,30.00,-30.00,30.00,-30.00,

-1.33,-1.57,0.87,0.01,30.00,-30.00,30.00,-30.00,

-1.33,-1.58,0.87,0.01,30.00,-30.00,30.00,-30.00,

-1.33,-1.59,0.86,0.01,30.00,-30.00,30.00,-30.00,

-1.33,-1.60,0.84,0.01,30.00,-30.00,30.00,-30.00,

-1.33,-1.61,0.82,0.01,30.00,-30.00,30.00,-30.00,

-1.33,-1.62,0.81,0.01,30.00,-30.00,30.00,-30.00,

-1.33,-1.62,0.82,0.01,30.00,-30.00,30.00,-30.00,

-1.34,-1.63,0.82,0.01,30.00,-30.00,30.00,-30.00,

-1.34,-1.63,0.82,0.01,30.00,-30.00,30.00,-30.00,

-1.35,-1.63,0.82,0.01,30.00,-30.00,30.00,-30.00,

-1.36,-1.64,0.82,0.01,30.00,-30.00,30.00,-30.00,

-1.37,-1.64,0.83,0.01,30.00,-30.00,30.00,-30.00,

-1.38,-1.64,0.84,0.01,30.00,-30.00,30.00,-30.00,

-1.39,-1.63,0.84,0.01,30.00,-30.00,30.00,-30.00,

-1.40,-1.63,0.85,0.01,30.00,-30.00,30.00,-30.00,

-1.41,-1.63,0.85,0.01,30.00,-30.00,30.00,-30.00,

-1.41,-1.63,0.85,0.01,30.00,-30.00,30.00,-30.00,

-1.42,-1.63,0.85,0.01,30.00,-30.00,30.00,-30.00,

-1.42,-1.63,0.85,0.01,30.00,-30.00,30.00,-30.00,

-1.42,-1.63,0.84,0.01,30.00,-30.00,30.00,-30.00,

-1.42,-1.64,0.84,0.01,30.00,-30.00,30.00,-30.00,

-1.42,-1.64,0.84,0.01,30.00,-30.00,30.00,-30.00,

-1.42,-1.64,0.83,0.01,30.00,-30.00,30.00,-30.00,

-1.42,-1.65,0.83,0.01,30.00,-30.00,30.00,-30.00,

-1.42,-1.65,0.82,0.01,30.00,-30.00,30.00,-30.00,

-1.42,-1.66,0.81,0.01,30.00,-30.00,30.00,-30.00,

-1.42,-1.67,0.80,0.01,30.00,-30.00,30.00,-30.00,

-1.43,-1.68,0.80,0.01,30.00,-30.00,30.00,-30.00,

-1.43,-1.68,0.80,0.01,30.00,-30.00,30.00,-30.00,

-1.43,-1.69,0.80,0.01,30.00,-30.00,30.00,-30.00,

-1.44,-1.70,0.80,0.01,30.00,-30.00,30.00,-30.00,

-1.44,-1.70,0.80,0.01,30.00,-30.00,30.00,-30.00,

-1.45,-1.70,0.80,0.01,30.00,-30.00,30.00,-30.00,

-1.45,-1.70,0.80,0.01,30.00,-30.00,30.00,-30.00,

-1.46,-1.70,0.80,0.01,30.00,-30.00,30.00,-30.00,

-1.47,-1.70,0.81,0.01,30.00,-30.00,30.00,-30.00,

-1.47,-1.70,0.81,0.01,30.00,-30.00,30.00,-30.00,

-1.48,-1.70,0.81,0.01,30.00,-30.00,30.00,-30.00,

-1.48,-1.70,0.81,0.01,30.00,-30.00,30.00,-30.00,

-1.49,-1.70,0.81,0.01,30.00,-30.00,30.00,-30.00,

-1.49,-1.70,0.81,0.01,30.00,-30.00,30.00,-30.00,

-1.49,-1.70,0.81,0.01,30.00,-30.00,30.00,-30.00,

-1.49,-1.70,0.81,0.01,30.00,-30.00,30.00,-30.00,

-1.49,-1.70,0.80,0.01,30.00,-30.00,30.00,-30.00,

-1.49,-1.70,0.80,0.01,30.00,-30.00,30.00,-30.00,

-1.49,-1.71,0.80,0.01,30.00,-30.00,30.00,-30.00,

-1.49,-1.71,0.79,0.01,30.00,-30.00,30.00,-30.00,

-1.49,-1.72,0.79,0.01,30.00,-30.00,30.00,-30.00,

-1.50,-1.72,0.78,0.01,30.00,-30.00,30.00,-30.00,

-1.50,-1.73,0.78,0.01,30.00,-30.00,30.00,-30.00,

-1.50,-1.73,0.78,0.01,30.00,-30.00,30.00,-30.00,

-1.51,-1.74,0.77,0.01,30.00,-30.00,30.00,-30.00,

-1.51,-1.74,0.77,0.01,30.00,-30.00,30.00,-30.00,

-1.51,-1.75,0.77,0.01,30.00,-30.00,30.00,-30.00,

-1.52,-1.75,0.77,0.01,30.00,-30.00,30.00,-30.00,

-1.52,-1.75,0.77,0.01,30.00,-30.00,30.00,-30.00,

-1.53,-1.76,0.78,0.01,30.00,-30.00,30.00,-30.00,

-1.53,-1.76,0.78,0.01,30.00,-30.00,30.00,-30.00,

-1.54,-1.76,0.78,0.01,30.00,-30.00,30.00,-30.00,

-1.54,-1.76,0.78,0.01,30.00,-30.00,30.00,-30.00,

-1.55,-1.75,0.78,0.01,30.00,-30.00,30.00,-30.00,

-1.55,-1.75,0.78,0.01,30.00,-30.00,30.00,-30.00,

-1.55,-1.75,0.78,0.01,30.00,-30.00,30.00,-30.00,

-1.56,-1.75,0.78,0.01,30.00,-30.00,30.00,-30.00,

-1.56,-1.75,0.78,0.01,30.00,-30.00,30.00,-30.00,

-1.56,-1.75,0.78,0.01,30.00,-30.00,30.00,-30.00,

-1.56,-1.76,0.78,0.01,30.00,-30.00,30.00,-30.00,

-1.56,-1.76,0.77,0.01,30.00,-30.00,30.00,-30.00,

-1.57,-1.76,0.77,0.01,30.00,-30.00,30.00,-30.00,

-1.57,-1.77,0.76,0.01,30.00,-30.00,30.00,-30.00,

-1.57,-1.77,0.76,0.01,30.00,-30.00,30.00,-30.00,

-1.57,-1.78,0.76,0.01,30.00,-30.00,30.00,-30.00,

-1.57,-1.78,0.76,0.01,30.00,-30.00,30.00,-30.00,

-1.58,-1.79,0.76,0.01,30.00,-30.00,30.00,-30.00,

-1.58,-1.79,0.75,0.01,30.00,-30.00,30.00,-30.00,

-1.59,-1.80,0.75,0.01,30.00,-30.00,30.00,-30.00,

-1.59,-1.80,0.75,0.01,30.00,-30.00,30.00,-30.00,

-1.59,-1.80,0.76,0.01,30.00,-30.00,30.00,-30.00,

-1.60,-1.80,0.76,0.01,30.00,-30.00,30.00,-30.00,

-1.61,-1.80,0.75,0.01,30.00,-30.00,30.00,-30.00,

-1.61,-1.80,0.75,0.01,30.00,-30.00,30.00,-30.00,

-1.61,-1.80,0.76,0.01,30.00,-30.00,30.00,-30.00,

-1.62,-1.80,0.76,0.01,30.00,-30.00,30.00,-30.00,

-1.62,-1.80,0.76,0.01,30.00,-30.00,30.00,-30.00,

-1.62,-1.80,0.76,0.01,30.00,-30.00,30.00,-30.00,

-1.62,-1.80,0.76,0.01,30.00,-30.00,30.00,-30.00,

-1.62,-1.80,0.75,0.01,30.00,-30.00,30.00,-30.00,

-1.63,-1.80,0.75,0.01,30.00,-30.00,30.00,-30.00,

-1.63,-1.80,0.75,0.01,30.00,-30.00,30.00,-30.00,

-1.63,-1.81,0.75,0.01,30.00,-30.00,30.00,-30.00,

-1.63,-1.81,0.75,0.01,30.00,-30.00,30.00,-30.00,

-1.63,-1.82,0.74,0.01,30.00,-30.00,30.00,-30.00,

-1.64,-1.82,0.74,0.01,30.00,-30.00,30.00,-30.00,

-1.64,-1.82,0.74,0.01,30.00,-30.00,30.00,-30.00,

-1.64,-1.83,0.74,0.01,30.00,-30.00,30.00,-30.00,

-1.65,-1.83,0.74,0.01,30.00,-30.00,30.00,-30.00,

-1.65,-1.83,0.74,0.01,30.00,-30.00,30.00,-30.00,

-1.65,-1.84,0.74,0.01,30.00,-30.00,30.00,-30.00,

-1.65,-1.84,0.74,0.01,30.00,-30.00,30.00,-30.00,

-1.66,-1.84,0.74,0.01,30.00,-30.00,30.00,-30.00,

-1.66,-1.84,0.74,0.01,30.00,-30.00,30.00,-30.00,

-1.66,-1.84,0.74,0.01,30.00,-30.00,30.00,-30.00,

-1.67,-1.84,0.74,0.01,30.00,-30.00,30.00,-30.00,

-1.67,-1.83,0.74,0.01,30.00,-30.00,30.00,-30.00,

-1.67,-1.83,0.74,0.01,30.00,-30.00,30.00,-30.00,

-1.67,-1.83,0.74,0.01,30.00,-30.00,30.00,-30.00,

-1.67,-1.83,0.74,0.01,30.00,-30.00,30.00,-30.00,

-1.68,-1.83,0.74,0.01,30.00,-30.00,30.00,-30.00,

-1.68,-1.83,0.73,0.01,30.00,-30.00,30.00,-30.00,

-1.68,-1.84,0.73,0.01,30.00,-30.00,30.00,-30.00,

-1.68,-1.84,0.73,0.01,30.00,-30.00,30.00,-30.00,

-1.69,-1.84,0.73,0.01,30.00,-30.00,30.00,-30.00,

-1.69,-1.84,0.73,0.01,30.00,-30.00,30.00,-30.00,

-1.69,-1.85,0.73,0.01,30.00,-30.00,30.00,-30.00,

-1.69,-1.85,0.73,0.01,30.00,-30.00,30.00,-30.00,

-1.70,-1.86,0.73,0.01,30.00,-30.00,30.00,-30.00,

-1.70,-1.86,0.73,0.01,30.00,-30.00,30.00,-30.00,

-1.70,-1.86,0.72,0.01,30.00,-30.00,30.00,-30.00,

-1.70,-1.86,0.72,0.01,30.00,-30.00,30.00,-30.00,

-1.70,-1.87,0.72,0.01,30.00,-30.00,30.00,-30.00,

-1.71,-1.87,0.72,0.01,30.00,-30.00,30.00,-30.00,

-1.71,-1.87,0.72,0.01,30.00,-30.00,30.00,-30.00,

-1.71,-1.87,0.72,0.01,30.00,-30.00,30.00,-30.00,

-1.71,-1.87,0.72,0.01,30.00,-30.00,30.00,-30.00,

-1.71,-1.87,0.72,0.01,30.00,-30.00,30.00,-30.00,

-1.72,-1.87,0.72,0.01,30.00,-30.00,30.00,-30.00,

-1.72,-1.86,0.72,0.01,30.00,-30.00,30.00,-30.00,

-1.72,-1.87,0.72,0.01,30.00,-30.00,30.00,-30.00,

-1.72,-1.87,0.72,0.01,30.00,-30.00,30.00,-30.00,

-1.73,-1.87,0.72,0.01,30.00,-30.00,30.00,-30.00,

-1.73,-1.87,0.72,0.01,30.00,-30.00,30.00,-30.00,

-1.73,-1.87,0.72,0.01,30.00,-30.00,30.00,-30.00,

-1.73,-1.87,0.72,0.01,30.00,-30.00,30.00,-30.00,

-1.73,-1.88,0.72,0.01,30.00,-30.00,30.00,-30.00,

-1.74,-1.88,0.72,0.01,30.00,-30.00,30.00,-30.00,

-1.74,-1.89,0.71,0.01,30.00,-30.00,30.00,-30.00,

-1.74,-1.89,0.71,0.01,30.00,-30.00,30.00,-30.00,

-1.74,-1.89,0.71,0.01,30.00,-30.00,30.00,-30.00,

-1.74,-1.89,0.71,0.01,30.00,-30.00,30.00,-30.00,

-1.75,-1.89,0.71,0.01,30.00,-30.00,30.00,-30.00,

-1.75,-1.89,0.71,0.01,30.00,-30.00,30.00,-30.00,

-1.75,-1.90,0.71,0.01,30.00,-30.00,30.00,-30.00,

-1.75,-1.90,0.71,0.01,30.00,-30.00,30.00,-30.00,

-1.75,-1.89,0.71,0.01,30.00,-30.00,30.00,-30.00,

-1.75,-1.89,0.71,0.01,30.00,-30.00,30.00,-30.00,

-1.76,-1.89,0.71,0.01,30.00,-30.00,30.00,-30.00,

-1.76,-1.89,0.71,0.01,30.00,-30.00,30.00,-30.00,

-1.76,-1.89,0.71,0.01,30.00,-30.00,30.00,-30.00,

-1.76,-1.89,0.71,0.01,30.00,-30.00,30.00,-30.00,

-1.76,-1.90,0.71,0.01,30.00,-30.00,30.00,-30.00,

-1.77,-1.90,0.71,0.01,30.00,-30.00,30.00,-30.00,

-1.77,-1.90,0.71,0.01,30.00,-30.00,30.00,-30.00,

-1.77,-1.90,0.71,0.01,30.00,-30.00,30.00,-30.00,

-1.77,-1.90,0.71,0.01,30.00,-30.00,30.00,-30.00,

-1.77,-1.91,0.71,0.01,30.00,-30.00,30.00,-30.00,

-1.78,-1.91,0.71,0.01,30.00,-30.00,30.00,-30.00,

-1.78,-1.91,0.71,0.01,30.00,-30.00,30.00,-30.00,

-1.78,-1.91,0.71,0.01,30.00,-30.00,30.00,-30.00,

-1.78,-1.91,0.70,0.01,30.00,-30.00,30.00,-30.00,

-1.78,-1.92,0.70,0.01,30.00,-30.00,30.00,-30.00,

-1.79,-1.92,0.70,0.01,30.00,-30.00,30.00,-30.00,

-1.79,-1.92,0.70,0.01,30.00,-30.00,30.00,-30.00,

-1.79,-1.92,0.70,0.01,30.00,-30.00,30.00,-30.00,

-1.79,-1.92,0.70,0.01,30.00,-30.00,30.00,-30.00,

-1.79,-1.92,0.70,0.01,30.00,-30.00,30.00,-30.00,

-1.79,-1.92,0.70,0.01,30.00,-30.00,30.00,-30.00,

-1.79,-1.92,0.70,0.01,30.00,-30.00,30.00,-30.00,

-1.80,-1.92,0.70,0.01,30.00,-30.00,30.00,-30.00,

-1.80,-1.92,0.70,0.01,30.00,-30.00,30.00,-30.00,

-1.80,-1.92,0.70,0.01,30.00,-30.00,30.00,-30.00,

-1.80,-1.92,0.70,0.01,30.00,-30.00,30.00,-30.00,

-1.80,-1.92,0.70,0.01,30.00,-30.00,30.00,-30.00,

-1.81,-1.92,0.70,0.01,30.00,-30.00,30.00,-30.00,

-1.81,-1.92,0.70,0.01,30.00,-30.00,30.00,-30.00,

-1.81,-1.93,0.70,0.01,30.00,-30.00,30.00,-30.00,

-1.81,-1.93,0.70,0.01,30.00,-30.00,30.00,-30.00,

-1.81,-1.93,0.70,0.01,30.00,-30.00,30.00,-30.00,

-1.82,-1.93,0.70,0.01,30.00,-30.00,30.00,-30.00,

-1.82,-1.93,0.70,0.01,30.00,-30.00,30.00,-30.00,

-1.82,-1.94,0.70,0.01,30.00,-30.00,30.00,-30.00,

-1.82,-1.94,0.69,0.01,30.00,-30.00,30.00,-30.00,

-1.82,-1.94,0.69,0.01,30.00,-30.00,30.00,-30.00,

-1.82,-1.94,0.69,0.01,30.00,-30.00,30.00,-30.00,

-1.82,-1.94,0.69,0.01,30.00,-30.00,30.00,-30.00,

-1.82,-1.94,0.69,0.01,30.00,-30.00,30.00,-30.00,

-1.82,-1.94,0.69,0.01,30.00,-30.00,30.00,-30.00,

-1.83,-1.94,0.69,0.01,30.00,-30.00,30.00,-30.00,

-1.83,-1.94,0.69,0.01,30.00,-30.00,30.00,-30.00,

-1.83,-1.94,0.69,0.01,30.00,-30.00,30.00,-30.00,

-1.83,-1.94,0.69,0.01,30.00,-30.00,30.00,-30.00,

-1.83,-1.94,0.69,0.01,30.00,-30.00,30.00,-30.00,

-1.83,-1.94,0.69,0.01,30.00,-30.00,30.00,-30.00,

-1.84,-1.94,0.70,0.01,30.00,-30.00,30.00,-30.00,

-1.84,-1.94,0.69,0.01,30.00,-30.00,30.00,-30.00,

-1.84,-1.94,0.69,0.01,30.00,-30.00,30.00,-30.00,

-1.84,-1.94,0.69,0.01,30.00,-30.00,30.00,-30.00,

-1.84,-1.94,0.69,0.01,30.00,-30.00,30.00,-30.00,

-1.85,-1.95,0.69,0.01,30.00,-30.00,30.00,-30.00,

-1.85,-1.95,0.69,0.01,30.00,-30.00,30.00,-30.00,

-1.85,-1.95,0.69,0.01,30.00,-30.00,30.00,-30.00,

-1.85,-1.95,0.69,0.01,30.00,-30.00,30.00,-30.00,

-1.85,-1.95,0.68,0.01,30.00,-30.00,30.00,-30.00,

-1.85,-1.95,0.68,0.01,30.00,-30.00,30.00,-30.00,

-1.86,-1.95,0.68,0.01,30.00,-30.00,30.00,-30.00,

-1.86,-1.95,0.68,0.01,30.00,-30.00,30.00,-30.00,

-1.86,-1.95,0.68,0.01,30.00,-30.00,30.00,-30.00,

-1.86,-1.95,0.68,0.01,30.00,-30.00,30.00,-30.00,

-1.86,-1.95,0.68,0.01,30.00,-30.00,30.00,-30.00,

-1.86,-1.95,0.68,0.01,30.00,-30.00,30.00,-30.00,

-1.86,-1.95,0.68,0.01,30.00,-30.00,30.00,-30.00,

-1.86,-1.95,0.68,0.01,30.00,-30.00,30.00,-30.00,

-1.87,-1.96,0.68,0.01,30.00,-30.00,30.00,-30.00,

-1.87,-1.96,0.68,0.01,30.00,-30.00,30.00,-30.00,

-1.87,-1.96,0.68,0.01,30.00,-30.00,30.00,-30.00,

-1.87,-1.96,0.68,0.01,30.00,-30.00,30.00,-30.00,

-1.87,-1.96,0.68,0.01,30.00,-30.00,30.00,-30.00,

-1.88,-1.96,0.68,0.01,30.00,-30.00,30.00,-30.00,

-1.88,-1.96,0.68,0.01,30.00,-30.00,30.00,-30.00,

-1.88,-1.96,0.68,0.01,30.00,-30.00,30.00,-30.00,

-1.88,-1.96,0.68,0.01,30.00,-30.00,30.00,-30.00,

-1.88,-1.96,0.68,0.01,30.00,-30.00,30.00,-30.00,

-1.88,-1.97,0.68,0.01,30.00,-30.00,30.00,-30.00,

-1.88,-1.96,0.68,0.01,30.00,-30.00,30.00,-30.00,

-1.88,-1.96,0.68,0.01,30.00,-30.00,30.00,-30.00,

-1.88,-1.97,0.68,0.01,30.00,-30.00,30.00,-30.00,

-1.88,-1.97,0.68,0.01,30.00,-30.00,30.00,-30.00,

-1.89,-1.96,0.68,0.01,30.00,-30.00,30.00,-30.00,

-1.89,-1.97,0.68,0.01,30.00,-30.00,30.00,-30.00,

-1.89,-1.97,0.68,0.01,30.00,-30.00,30.00,-30.00,

-1.89,-1.97,0.68,0.01,30.00,-30.00,30.00,-30.00,

-1.90,-1.97,0.68,0.01,30.00,-30.00,30.00,-30.00,

-1.90,-1.97,0.68,0.01,30.00,-30.00,30.00,-30.00,

-1.90,-1.97,0.68,0.01,30.00,-30.00,30.00,-30.00,

-1.90,-1.97,0.68,0.01,30.00,-30.00,30.00,-30.00,

-1.91,-1.97,0.68,0.01,30.00,-30.00,30.00,-30.00,

-1.91,-1.97,0.68,0.01,30.00,-30.00,30.00,-30.00,

-1.91,-1.97,0.68,0.01,30.00,-30.00,30.00,-30.00,

-1.91,-1.97,0.68,0.01,30.00,-30.00,30.00,-30.00,

-1.91,-1.97,0.68,0.01,30.00,-30.00,30.00,-30.00,

-1.91,-1.98,0.68,0.01,30.00,-30.00,30.00,-30.00,

-1.91,-1.98,0.67,0.01,30.00,-30.00,30.00,-30.00,

-1.91,-1.98,0.67,0.01,30.00,-30.00,30.00,-30.00,

-1.91,-1.98,0.67,0.01,30.00,-30.00,30.00,-30.00,

-1.91,-1.98,0.67,0.01,30.00,-30.00,30.00,-30.00,

-1.91,-1.98,0.67,0.01,30.00,-30.00,30.00,-30.00,

-1.92,-1.98,0.67,0.01,30.00,-30.00,30.00,-30.00,

-1.92,-1.98,0.67,0.01,30.00,-30.00,30.00,-30.00,

-1.92,-1.98,0.67,0.01,30.00,-30.00,30.00,-30.00,

-1.92,-1.99,0.67,0.01,30.00,-30.00,30.00,-30.00,

-1.92,-1.98,0.67,0.01,30.00,-30.00,30.00,-30.00,

-1.93,-1.98,0.67,0.01,30.00,-30.00,30.00,-30.00,

-1.93,-1.99,0.67,0.01,30.00,-30.00,30.00,-30.00,

-1.93,-1.99,0.67,0.01,30.00,-30.00,30.00,-30.00,

-1.93,-1.99,0.67,0.01,30.00,-30.00,30.00,-30.00,

-1.93,-1.99,0.67,0.01,30.00,-30.00,30.00,-30.00,

-1.94,-1.99,0.67,0.01,30.00,-30.00,30.00,-30.00,

-1.94,-1.99,0.67,0.01,30.00,-30.00,30.00,-30.00,

-1.94,-1.99,0.67,0.01,30.00,-30.00,30.00,-30.00,

-1.94,-1.99,0.67,0.01,30.00,-30.00,30.00,-30.00,

-1.94,-1.99,0.67,0.01,30.00,-30.00,30.00,-30.00,

-1.94,-1.99,0.67,0.01,30.00,-30.00,30.00,-30.00,

-1.94,-1.99,0.67,0.01,30.00,-30.00,30.00,-30.00,

-1.94,-1.99,0.67,0.01,30.00,-30.00,30.00,-30.00,

-1.94,-1.99,0.67,0.01,30.00,-30.00,30.00,-30.00,

-1.94,-2.00,0.67,0.01,30.00,-30.00,30.00,-30.00,

-1.94,-2.00,0.67,0.01,30.00,-30.00,30.00,-30.00,

-1.94,-2.00,0.67,0.01,30.00,-30.00,30.00,-30.00,

-1.94,-2.00,0.67,0.01,30.00,-30.00,30.00,-30.00,

-1.95,-2.00,0.67,0.01,30.00,-30.00,30.00,-30.00,

-1.95,-2.00,0.67,0.01,30.00,-30.00,30.00,-30.00,

-1.95,-2.00,0.67,0.01,30.00,-30.00,30.00,-30.00,

-1.95,-2.00,0.67,0.01,30.00,-30.00,30.00,-30.00,

-1.95,-2.00,0.67,0.01,30.00,-30.00,30.00,-30.00,

-1.95,-2.00,0.67,0.01,30.00,-30.00,30.00,-30.00,

-1.95,-2.00,0.67,0.01,30.00,-30.00,30.00,-30.00,

-1.95,-2.00,0.67,0.01,30.00,-30.00,30.00,-30.00,

-1.96,-2.00,0.67,0.01,30.00,-30.00,30.00,-30.00,

-1.96,-2.00,0.67,0.01,30.00,-30.00,30.00,-30.00,

-1.96,-2.00,0.67,0.01,30.00,-30.00,30.00,-30.00,

-1.96,-2.00,0.67,0.01,30.00,-30.00,30.00,-30.00,

-1.96,-2.01,0.66,0.01,30.00,-30.00,30.00,-30.00,

-1.96,-2.01,0.66,0.01,30.00,-30.00,30.00,-30.00,

-1.96,-2.01,0.66,0.01,30.00,-30.00,30.00,-30.00,

-1.96,-2.01,0.66,0.01,30.00,-30.00,30.00,-30.00,

-1.96,-2.01,0.67,0.01,30.00,-30.00,30.00,-30.00,

-1.96,-2.01,0.67,0.01,30.00,-30.00,30.00,-30.00,

-1.97,-2.01,0.67,0.01,30.00,-30.00,30.00,-30.00,

-1.97,-2.01,0.67,0.01,30.00,-30.00,30.00,-30.00,

-1.97,-2.01,0.67,0.01,30.00,-30.00,30.00,-30.00,

-1.97,-2.01,0.67,0.01,30.00,-30.00,30.00,-30.00,

-1.97,-2.01,0.67,0.01,30.00,-30.00,30.00,-30.00,

-1.97,-2.01,0.67,0.01,30.00,-30.00,30.00,-30.00,

-1.97,-2.01,0.67,0.01,30.00,-30.00,30.00,-30.00,

-1.97,-2.01,0.67,0.01,30.00,-30.00,30.00,-30.00,

-1.97,-2.01,0.66,0.01,30.00,-30.00,30.00,-30.00,

-1.97,-2.01,0.66,0.01,30.00,-30.00,30.00,-30.00,

-1.97,-2.01,0.66,0.01,30.00,-30.00,30.00,-30.00,

-1.97,-2.01,0.66,0.01,30.00,-30.00,30.00,-30.00,

-1.98,-2.01,0.66,0.01,30.00,-30.00,30.00,-30.00,

-1.98,-2.01,0.66,0.01,30.00,-30.00,30.00,-30.00,

-1.98,-2.01,0.66,0.01,30.00,-30.00,30.00,-30.00,

-1.98,-2.01,0.66,0.01,30.00,-30.00,30.00,-30.00,

-1.98,-2.01,0.66,0.01,30.00,-30.00,30.00,-30.00,

-1.98,-2.01,0.66,0.01,30.00,-30.00,30.00,-30.00,

-1.98,-2.01,0.66,0.01,30.00,-30.00,30.00,-30.00,

-1.98,-2.01,0.66,0.01,30.00,-30.00,30.00,-30.00,

-1.98,-2.01,0.66,0.01,30.00,-30.00,30.00,-30.00,

-1.98,-2.01,0.67,0.01,30.00,-30.00,30.00,-30.00,

-1.98,-2.01,0.67,0.01,30.00,-30.00,30.00,-30.00,

-1.99,-2.01,0.66,0.01,30.00,-30.00,30.00,-30.00,

-1.99,-2.01,0.67,0.01,30.00,-30.00,30.00,-30.00,

-1.99,-2.02,0.66,0.01,30.00,-30.00,30.00,-30.00,

-1.99,-2.02,0.67,0.01,30.00,-30.00,30.00,-30.00,

-1.99,-2.01,0.67,0.01,-30.00,30.00,-30.00,30.00,

-1.99,-2.01,0.66,0.01,-30.00,30.00,-30.00,30.00,

-1.99,-2.02,0.66,0.01,-30.00,30.00,-30.00,30.00,

-1.98,-2.02,0.66,0.01,-30.00,30.00,-30.00,30.00,

-1.98,-2.02,0.66,0.01,-30.00,30.00,-30.00,30.00,

-1.98,-2.02,0.66,0.01,-30.00,30.00,-30.00,30.00,

-1.98,-2.02,0.66,0.01,-30.00,30.00,-30.00,30.00,

-1.98,-2.02,0.66,0.01,-30.00,30.00,-30.00,30.00,

-1.98,-2.02,0.67,0.01,-30.00,30.00,-30.00,30.00,

-1.99,-2.02,0.67,0.01,-30.00,30.00,-30.00,30.00,

-1.99,-2.02,0.67,0.01,-30.00,30.00,-30.00,30.00,

-1.99,-2.02,0.67,0.01,-30.00,30.00,-30.00,30.00,

-1.99,-2.03,0.67,0.01,-30.00,30.00,-30.00,30.00,

-1.99,-2.03,0.68,0.01,-30.00,30.00,-30.00,30.00,

-1.99,-2.03,0.67,0.01,-30.00,30.00,-30.00,30.00,

-2.00,-2.03,0.68,0.01,-30.00,30.00,-30.00,30.00,

-2.00,-2.03,0.68,0.01,-30.00,30.00,-30.00,30.00,

-2.00,-2.03,0.68,0.01,-30.00,30.00,-30.00,30.00,

-2.00,-2.02,0.68,0.01,-30.00,30.00,-30.00,30.00,

-2.00,-2.02,0.67,0.01,-30.00,30.00,-30.00,30.00,

-2.00,-2.02,0.67,0.01,30.00,-30.00,30.00,-30.00,

-2.00,-2.02,0.67,0.01,-30.00,30.00,-30.00,30.00,

-2.00,-2.02,0.67,0.01,-30.00,30.00,-30.00,30.00,

-2.00,-2.03,0.67,0.01,-30.00,30.00,-30.00,30.00,

-2.00,-2.02,0.67,0.01,-30.00,30.00,-30.00,30.00,

-2.00,-2.02,0.67,0.01,-30.00,30.00,-30.00,30.00,

-2.00,-2.02,0.67,0.01,-30.00,30.00,-30.00,30.00,

-2.00,-2.02,0.67,0.01,-30.00,30.00,-30.00,30.00,

-2.01,-2.03,0.67,0.01,-30.00,30.00,-30.00,30.00,

-2.01,-2.03,0.67,0.01,-30.00,30.00,-30.00,30.00,

-2.01,-2.03,0.67,0.01,-30.00,30.00,-30.00,30.00,

-2.01,-2.03,0.67,0.01,-30.00,30.00,-30.00,30.00,

-2.01,-2.03,0.67,0.01,-30.00,30.00,-30.00,30.00,

-2.01,-2.03,0.67,0.01,-30.00,30.00,-30.00,30.00,

-2.01,-2.03,0.67,0.01,-30.00,30.00,-30.00,30.00,

-2.01,-2.03,0.67,0.01,-30.00,30.00,-30.00,30.00,

-2.01,-2.03,0.67,0.01,-30.00,30.00,-30.00,30.00,

-2.02,-2.03,0.67,0.01,-30.00,30.00,-30.00,30.00,

-2.02,-2.03,0.67,0.01,-30.00,30.00,-30.00,30.00,

-2.02,-2.03,0.67,0.01,-30.00,30.00,-30.00,30.00,

-2.02,-2.03,0.67,0.01,30.00,-30.00,30.00,-30.00,

-2.02,-2.03,0.67,0.01,-30.00,30.00,-30.00,30.00,

-2.02,-2.03,0.67,0.01,30.00,-30.00,30.00,-30.00,

-2.02,-2.04,0.67,0.01,-30.00,30.00,-30.00,30.00,

-2.02,-2.03,0.67,0.01,30.00,-30.00,30.00,-30.00,

-2.02,-2.04,0.67,0.01,30.00,30.00,30.00,30.00,

-2.02,-2.03,0.67,0.01,-30.00,-30.00,-30.00,-30.00,

-2.02,-2.04,0.67,0.01,30.00,-30.00,30.00,-30.00,

-2.02,-2.03,0.67,0.01,30.00,-30.00,30.00,-30.00,

-2.02,-2.03,0.67,0.01,30.00,-30.00,30.00,-30.00,

-2.02,-2.03,0.66,0.01,30.00,-30.00,30.00,-30.00,

-2.02,-2.03,0.67,0.01,30.00,-30.00,30.00,-30.00,

-2.02,-2.03,0.67,0.01,30.00,-30.00,30.00,-30.00,

-2.02,-2.03,0.67,0.01,30.00,-30.00,30.00,-30.00,

-2.02,-2.04,0.67,0.01,30.00,-30.00,30.00,-30.00,

-2.02,-2.04,0.67,0.01,30.00,-30.00,30.00,-30.00,

-2.02,-2.04,0.67,0.01,30.00,-30.00,30.00,-30.00,

-2.03,-2.04,0.67,0.01,30.00,-30.00,30.00,-30.00,

-2.03,-2.04,0.67,0.01,30.00,-30.00,30.00,-30.00,

-2.03,-2.04,0.67,0.01,30.00,-30.00,30.00,-30.00,

-2.03,-2.04,0.67,0.01,30.00,-30.00,30.00,-30.00,

-2.03,-2.04,0.67,0.01,30.00,-30.00,30.00,-30.00,

-2.03,-2.04,0.68,0.01,30.00,-30.00,30.00,-30.00,

-2.03,-2.04,0.68,0.01,30.00,-30.00,30.00,-30.00,

-2.04,-2.04,0.68,0.01,30.00,-30.00,30.00,-30.00,

-2.04,-2.05,0.68,0.01,30.00,-30.00,30.00,-30.00,

-2.04,-2.05,0.68,0.01,30.00,-30.00,30.00,-30.00,

-2.04,-2.05,0.68,0.01,30.00,-30.00,30.00,-30.00,

-2.04,-2.05,0.68,0.01,30.00,-30.00,30.00,-30.00,

-2.04,-2.05,0.68,0.01,30.00,-30.00,30.00,-30.00,

-2.04,-2.05,0.68,0.01,30.00,-30.00,30.00,-30.00,

-2.04,-2.05,0.68,0.01,30.00,-30.00,30.00,-30.00,

-2.04,-2.05,0.68,0.01,30.00,-30.00,30.00,-30.00,

-2.04,-2.05,0.68,0.01,30.00,-30.00,30.00,-30.00,

-2.04,-2.05,0.68,0.01,30.00,-30.00,30.00,-30.00,

-2.04,-2.05,0.68,0.01,30.00,-30.00,30.00,-30.00,

-2.04,-2.05,0.68,0.01,30.00,-30.00,30.00,-30.00,

-2.04,-2.05,0.68,0.01,30.00,-30.00,30.00,-30.00,

-2.05,-2.05,0.68,0.01,30.00,-30.00,30.00,-30.00,

-2.05,-2.05,0.68,0.01,30.00,-30.00,30.00,-30.00,

-2.05,-2.05,0.68,0.01,30.00,-30.00,30.00,-30.00,

-2.05,-2.05,0.68,0.01,30.00,-30.00,30.00,-30.00,

-2.05,-2.05,0.68,0.01,30.00,-30.00,30.00,-30.00,

-2.05,-2.05,0.68,0.01,30.00,-30.00,30.00,-30.00,

-2.06,-2.05,0.68,0.01,30.00,-30.00,30.00,-30.00,

-2.06,-2.05,0.68,0.01,30.00,-30.00,30.00,-30.00,

-2.06,-2.05,0.68,0.01,30.00,-30.00,30.00,-30.00,

-2.06,-2.05,0.68,0.01,30.00,-30.00,30.00,-30.00,

-2.06,-2.05,0.68,0.01,30.00,-30.00,30.00,-30.00,

-2.06,-2.05,0.68,0.01,30.00,-30.00,30.00,-30.00,

-2.06,-2.05,0.68,0.01,30.00,-30.00,30.00,-30.00,

-2.06,-2.05,0.68,0.01,30.00,-30.00,30.00,-30.00,

-2.06,-2.05,0.68,0.01,30.00,-30.00,30.00,-30.00,

-2.06,-2.05,0.68,0.01,30.00,-30.00,30.00,-30.00,

-2.06,-2.05,0.69,0.01,30.00,-30.00,30.00,-30.00,

-2.06,-2.05,0.69,0.01,30.00,-30.00,30.00,-30.00,

-2.06,-2.05,0.69,0.01,30.00,-30.00,30.00,-30.00,

-2.06,-2.05,0.69,0.01,30.00,-30.00,30.00,-30.00,

-2.06,-2.05,0.69,0.01,30.00,-30.00,30.00,-30.00,

-2.06,-2.05,0.69,0.01,30.00,-30.00,30.00,-30.00,

-2.06,-2.05,0.69,0.01,30.00,-30.00,30.00,-30.00,

-2.06,-2.05,0.69,0.01,30.00,-30.00,30.00,-30.00,

-2.06,-2.05,0.69,0.01,30.00,-30.00,30.00,-30.00,

-2.06,-2.05,0.69,0.01,30.00,-30.00,30.00,-30.00,

-2.06,-2.05,0.69,0.01,30.00,-30.00,30.00,-30.00,

-2.06,-2.05,0.69,0.01,30.00,-30.00,30.00,-30.00,

-2.06,-2.05,0.69,0.01,30.00,-30.00,30.00,-30.00,

-2.06,-2.05,0.69,0.01,30.00,-30.00,30.00,-30.00,

-2.06,-2.05,0.69,0.01,30.00,-30.00,30.00,-30.00,

-2.06,-2.05,0.69,0.01,30.00,-30.00,30.00,-30.00,

-2.06,-2.05,0.69,0.01,30.00,-30.00,30.00,-30.00,

-2.06,-2.05,0.69,0.01,30.00,-30.00,30.00,-30.00,

-2.06,-2.05,0.69,0.01,30.00,-30.00,30.00,-30.00,

-2.06,-2.05,0.69,0.01,30.00,-30.00,30.00,-30.00,

-2.06,-2.05,0.69,0.01,30.00,-30.00,30.00,-30.00,

-2.06,-2.05,0.69,0.01,30.00,-30.00,30.00,-30.00,

-2.06,-2.05,0.69,0.01,30.00,-30.00,30.00,-30.00,

-2.07,-2.05,0.69,0.01,30.00,-30.00,30.00,-30.00,

-2.07,-2.05,0.69,0.01,30.00,-30.00,30.00,-30.00,

-2.07,-2.05,0.69,0.01,30.00,-30.00,30.00,-30.00,

-2.07,-2.05,0.69,0.01,30.00,-30.00,30.00,-30.00,

-2.07,-2.05,0.69,0.01,30.00,-30.00,30.00,-30.00,

-2.07,-2.05,0.69,0.01,30.00,-30.00,30.00,-30.00,

-2.07,-2.05,0.69,0.01,30.00,-30.00,30.00,-30.00,

-2.07,-2.05,0.69,0.01,30.00,-30.00,30.00,-30.00,

-2.07,-2.05,0.69,0.01,30.00,-30.00,30.00,-30.00,

-2.07,-2.05,0.69,0.01,30.00,-30.00,30.00,-30.00,

-2.07,-2.06,0.69,0.01,30.00,-30.00,30.00,-30.00,

-2.07,-2.06,0.69,0.01,30.00,-30.00,30.00,-30.00,

-2.07,-2.06,0.69,0.01,30.00,-30.00,30.00,-30.00,

-2.07,-2.06,0.69,0.01,30.00,-30.00,30.00,-30.00,

-2.07,-2.06,0.69,0.01,30.00,-30.00,30.00,-30.00,

-2.07,-2.06,0.69,0.01,30.00,-30.00,30.00,-30.00,

-2.07,-2.06,0.69,0.01,30.00,-30.00,30.00,-30.00,

-2.07,-2.06,0.69,0.01,30.00,-30.00,30.00,-30.00,

-2.07,-2.06,0.69,0.01,30.00,-30.00,30.00,-30.00,

-2.07,-2.06,0.69,0.01,30.00,-30.00,30.00,-30.00,

-2.07,-2.06,0.69,0.01,30.00,-30.00,30.00,-30.00,

-2.07,-2.06,0.69,0.01,30.00,-30.00,30.00,-30.00,

-2.07,-2.06,0.69,0.01,30.00,-30.00,30.00,-30.00,

-2.07,-2.06,0.69,0.01,30.00,-30.00,30.00,-30.00,

-2.07,-2.06,0.69,0.01,30.00,-30.00,30.00,-30.00,

-2.07,-2.06,0.69,0.01,30.00,-30.00,30.00,-30.00,

-2.07,-2.06,0.68,0.01,30.00,-30.00,30.00,-30.00,

-2.07,-2.06,0.69,0.01,30.00,-30.00,30.00,-30.00,

-2.07,-2.05,0.70,0.01,30.00,-30.00,30.00,-30.00,

-2.07,-2.05,0.70,0.01,30.00,-30.00,30.00,-30.00,

-2.07,-2.05,0.69,0.01,30.00,-30.00,30.00,-30.00,

-2.06,-2.06,0.68,0.01,30.00,-30.00,30.00,-30.00,

-2.06,-2.06,0.68,0.01,30.00,-30.00,30.00,-30.00,

-2.07,-2.08,0.69,0.01,30.00,-30.00,30.00,-30.00,

-2.08,-2.10,0.69,0.01,30.00,-30.00,30.00,-30.00,

-2.09,-2.12,0.69,0.01,30.00,-30.00,30.00,-30.00,

-2.09,-2.15,0.69,0.01,30.00,-30.00,30.00,-30.00,

-2.10,-2.19,0.69,0.01,30.00,-30.00,30.00,-30.00,

-2.10,-2.21,0.68,0.01,30.00,-30.00,30.00,-30.00,

-2.10,-2.21,0.66,0.01,30.00,-30.00,30.00,-30.00,

-2.10,-2.21,0.64,0.01,30.00,-30.00,30.00,-30.00,

-2.09,-2.21,0.61,0.01,30.00,-30.00,30.00,-30.00,

-2.09,-2.20,0.61,0.01,30.00,-30.00,30.00,-30.00,

-2.08,-2.18,0.61,0.01,30.00,-30.00,30.00,-30.00,

-2.07,-2.16,0.62,0.01,30.00,-30.00,30.00,-30.00,

-2.06,-2.14,0.63,0.01,30.00,-30.00,30.00,-30.00,

-2.05,-2.13,0.63,0.01,30.00,-30.00,30.00,-30.00,

-2.05,-2.10,0.61,0.01,30.00,-30.00,30.00,-30.00,

-2.06,-2.09,0.60,0.01,30.00,-30.00,30.00,-30.00,

-2.07,-2.10,0.59,0.01,30.00,-30.00,30.00,-30.00,

-2.07,-2.10,0.59,0.01,30.00,-30.00,30.00,-30.00,

-2.08,-2.10,0.60,0.01,30.00,-30.00,30.00,-30.00,

-2.08,-2.11,0.61,0.01,30.00,-30.00,30.00,-30.00,

-2.08,-2.11,0.61,0.01,30.00,-30.00,30.00,-30.00,

-2.09,-2.12,0.61,0.01,30.00,-30.00,30.00,-30.00,

-2.09,-2.12,0.61,0.01,30.00,-30.00,30.00,-30.00,

-2.09,-2.12,0.61,0.01,30.00,-30.00,30.00,-30.00,

-2.08,-2.11,0.62,0.01,30.00,-30.00,30.00,-30.00,

-2.08,-2.10,0.63,0.01,30.00,-30.00,30.00,-30.00,

-2.08,-2.08,0.64,0.01,30.00,-30.00,30.00,-30.00,

-2.07,-2.06,0.65,0.01,30.00,-30.00,30.00,-30.00,

-2.06,-2.04,0.64,0.01,30.00,-30.00,30.00,-30.00,

-2.05,-2.02,0.63,0.01,30.00,-30.00,30.00,-30.00,

-2.04,-2.00,0.62,0.01,30.00,-30.00,30.00,-30.00,

-2.03,-1.98,0.61,0.01,30.00,-30.00,30.00,-30.00,

-2.02,-1.97,0.61,0.01,30.00,-30.00,30.00,-30.00,

-2.01,-1.95,0.61,0.01,30.00,-30.00,30.00,-30.00,

-1.99,-1.95,0.61,0.01,30.00,-30.00,30.00,-30.00,

-2.00,-1.94,0.61,0.01,30.00,-30.00,30.00,-30.00,

-2.00,-1.94,0.61,0.01,30.00,-30.00,30.00,-30.00,

-2.00,-1.94,0.61,0.01,30.00,-30.00,30.00,-30.00,

-2.01,-1.94,0.61,0.01,30.00,-30.00,30.00,-30.00,

-2.01,-1.94,0.61,0.01,30.00,-30.00,30.00,-30.00,

-2.02,-1.94,0.62,0.01,30.00,-30.00,30.00,-30.00,

-2.03,-1.95,0.63,0.01,30.00,-30.00,30.00,-30.00,

-2.03,-1.95,0.61,0.01,30.00,-30.00,30.00,-30.00,

-2.04,-1.96,0.67,0.01,30.00,-30.00,30.00,-30.00,

-2.01,-1.96,0.64,0.01,30.00,-30.00,-30.00,-30.00,

-2.03,-1.96,0.51,0.01,30.00,-30.00,30.00,30.00,

-2.08,-1.98,0.38,0.01,30.00,-30.00,30.00,-30.00,

-2.07,-2.02,0.33,0.01,30.00,-30.00,30.00,-30.00,

-2.01,-2.00,0.51,0.01,-30.00,30.00,30.00,-30.00,

-1.99,-1.99,0.50,0.01,30.00,-30.00,30.00,-30.00,

-2.12,-2.03,0.51,0.01,30.00,-30.00,30.00,-30.00,

-2.23,-2.02,0.70,0.01,30.00,30.00,30.00,-30.00,

-2.17,-2.06,0.71,0.01,-30.00,-30.00,-30.00,-30.00,

-2.13,-2.01,0.66,2.01,30.00,-30.00,-30.00,30.00,

-2.28,-2.07,0.81,2.01,30.00,-30.00,30.00,-30.00,

-2.28,-2.05,1.00,2.01,-30.00,30.00,30.00,-30.00,

-2.39,-2.13,1.31,2.01,-30.00,30.00,30.00,-30.00,

-2.32,-2.05,1.15,2.01,30.00,-30.00,-30.00,30.00,

-2.30,-2.03,1.08,1.40,30.00,-30.00,30.00,30.00,

-2.38,-2.10,1.00,1.40,30.00,-30.00,30.00,-30.00,

-2.27,-2.08,0.98,1.40,-30.00,-30.00,-30.00,-30.00,

-2.30,-2.09,0.82,1.40,30.00,-30.00,30.00,30.00,

-2.29,-2.08,0.65,1.40,30.00,-30.00,-30.00,30.00,

-2.30,-2.13,0.32,4.98,30.00,-30.00,30.00,30.00,

-2.30,-2.15,0.24,4.98,30.00,-30.00,30.00,-30.00,

-2.24,-2.16,0.24,4.98,-30.00,-30.00,-30.00,-30.00,

-2.28,-2.15,0.32,4.98,30.00,30.00,30.00,-30.00,

-2.18,-2.17,0.42,17.49,-30.00,-30.00,-0.46,-30.00,

-2.24,-2.17,0.48,17.49,30.00,-30.00,30.00,-30.00,

-2.17,-2.14,0.51,17.49,-30.00,30.00,-30.00,-30.00,

-2.19,-2.20,0.45,17.49,30.00,-30.00,30.00,-30.00,

-2.26,-2.20,0.37,17.49,30.00,-30.00,30.00,-30.00,

-2.29,-2.16,0.39,32.24,30.00,30.00,30.00,-30.00,

-2.22,-2.11,0.47,32.24,-30.00,30.00,15.78,-30.00,

-2.12,-2.10,0.49,46.57,-30.00,-5.62,-20.59,-30.00,

-2.07,-2.14,0.44,46.57,8.03,-30.00,-12.63,-30.00,

-2.04,-2.18,0.35,46.57,30.00,-30.00,-17.57,-30.00,

-2.22,-2.31,0.28,46.57,30.00,-30.00,30.00,-30.00,

-2.34,-2.38,0.30,60.60,30.00,-30.00,30.00,-30.00,

-2.47,-2.45,0.35,60.60,30.00,-30.00,30.00,-30.00,

-2.60,-2.52,0.40,60.60,30.00,-30.00,30.00,-30.00,

-2.73,-2.58,0.45,60.60,30.00,-30.00,30.00,-30.00,

-2.87,-2.65,0.49,60.60,30.00,-30.00,30.00,-30.00,

-3.02,-2.73,0.52,72.42,30.00,-30.00,30.00,-30.00,

-3.16,-2.83,0.54,72.42,30.00,-30.00,30.00,-30.00,

-3.29,-2.95,0.56,72.42,30.00,-30.00,30.00,-30.00,

-3.27,-3.06,0.54,72.42,8.24,-30.00,6.48,-30.00,

-3.18,-3.15,0.52,72.42,-1.86,-30.00,-4.71,-30.00,

-3.04,-3.20,0.48,72.42,-13.31,-30.00,-21.61,-26.74,

-2.86,-3.19,0.45,90.69,-13.60,-7.51,-18.74,-4.50,

-2.71,-3.09,0.44,90.69,-10.03,3.49,-10.44,3.80,

-2.78,-3.04,0.47,90.69,11.74,1.72,19.46,-2.19,

-2.95,-3.11,0.49,90.69,30.00,-14.92,30.00,-25.16,

-2.97,-3.23,0.48,90.69,9.46,-30.00,9.44,-30.00,

-2.84,-3.34,0.46,97.49,-10.34,-6.79,-12.16,-5.36,

-2.73,-3.25,0.47,97.49,-5.89,2.56,-3.52,0.45,

-2.85,-3.27,0.50,97.49,19.11,-5.08,30.00,-9.17,

-3.02,-3.35,0.51,97.49,30.00,-15.38,30.00,-18.80,

-3.01,-3.44,0.47,104.24,5.19,-16.70,2.96,-12.95,

-2.87,-3.46,0.45,104.24,-5.35,-8.33,-6.78,-6.81,

-2.72,-3.38,0.47,104.24,-9.62,2.53,-6.14,-0.16,

-2.81,-3.37,0.52,104.24,9.49,-3.07,16.09,-7.73,

-2.92,-3.48,0.50,104.24,17.15,-17.72,15.63,-16.14,

-2.78,-3.49,0.44,110.97,-3.60,-7.91,-7.03,-4.36,

-2.62,-3.42,0.43,110.97,-7.53,-0.01,-8.15,0.46,

-2.70,-3.43,0.43,110.97,8.73,-4.88,9.96,-5.92,

-2.77,-3.51,0.39,110.97,11.30,-13.44,8.29,-10.11,

-2.61,-3.49,0.34,110.97,-6.03,-5.17,-9.93,-1.91,

-2.43,-3.41,0.31,113.68,-8.35,-0.10,-10.12,1.16,

-2.46,-3.40,0.31,113.68,5.37,-2.90,5.76,-3.25,

-2.59,-3.47,0.28,113.68,15.22,-11.97,11.96,-9.20,

-2.46,-3.48,0.22,113.68,-3.18,-6.83,-6.72,-3.28,

-2.33,-3.39,0.22,113.68,-5.45,0.78,-5.65,0.96,

-2.45,-3.41,0.23,117.57,11.04,-4.78,12.49,-5.86,

-2.58,-3.49,0.21,117.57,13.56,-9.89,12.59,-9.09,

-2.43,-3.42,0.20,117.57,-6.12,-0.21,-6.59,0.17,

-2.50,-3.43,0.28,117.57,11.48,-7.47,15.72,-10.82,

-2.43,-3.42,0.27,122.30,-1.28,-3.27,-1.63,-2.90,

-2.38,-3.35,0.32,122.30,-1.36,1.43,1.65,-1.58,

-2.51,-3.44,0.33,122.30,10.86,-9.32,12.81,-11.11,

-2.43,-3.40,0.31,122.30,-1.40,-1.61,-2.36,-0.68,

-2.39,-3.33,0.34,122.30,-0.86,1.02,1.23,-1.06,

-2.51,-3.42,0.36,125.61,9.70,-8.33,11.66,-10.15,

-2.44,-3.37,0.33,125.61,-0.71,-1.59,-2.25,-0.08,

-2.52,-3.34,0.38,125.61,5.67,-0.10,9.89,-3.44,

-2.57,-3.43,0.35,125.61,5.95,-9.97,4.64,-8.41,

-2.53,-3.32,0.35,125.61,0.58,2.24,0.83,1.97,

-2.66,-3.34,0.38,129.93,9.02,-3.11,11.90,-5.30,

-2.68,-3.39,0.32,129.93,4.92,-7.64,1.84,-4.23,

-2.75,-3.28,0.32,129.93,5.93,1.96,6.67,1.34,

-2.91,-3.36,0.34,129.93,11.75,-6.90,13.56,-8.31,

-2.89,-3.32,0.30,129.93,3.08,-1.84,1.32,-0.15,

-3.04,-3.30,0.34,132.95,9.50,-1.24,12.60,-3.39,

-3.04,-3.33,0.30,132.95,3.60,-5.13,2.12,-3.57,

-3.11,-3.26,0.32,132.95,5.69,0.89,7.38,-0.46,

-3.22,-3.25,0.31,132.95,2.31,0.70,1.50,1.48,

-3.36,-3.30,0.33,135.06,9.73,-4.78,11.78,-6.41,

-3.42,-3.26,0.34,135.06,7.09,-1.90,10.06,-4.28,

-3.37,-3.28,0.30,135.06,1.77,-4.85,0.19,-3.09,

-3.35,-3.19,0.30,135.06,1.75,1.46,2.07,1.15,

-3.42,-3.29,0.28,136.55,6.98,-8.32,6.36,-7.67,

-3.35,-3.19,0.24,136.55,0.46,0.71,-1.39,2.62,

-3.43,-3.20,0.25,136.55,6.71,-3.26,7.46,-3.92,

-3.35,-3.20,0.18,136.55,0.86,-4.00,-1.85,-1.11,

-3.37,-3.20,0.18,136.55,3.75,-2.69,4.20,-3.12,

-3.29,-3.22,0.14,139.58,-0.02,-4.34,-1.55,-2.66,

-3.19,-3.12,0.15,139.58,-1.66,1.34,-1.40,1.07,

-3.16,-3.23,0.16,139.58,1.38,-7.37,1.88,-8.00,

-3.05,-3.13,0.16,139.58,-2.41,1.84,-2.05,1.49,

-3.05,-3.23,0.16,139.58,2.54,-7.83,2.53,-7.82,

-2.93,-3.13,0.13,141.71,-1.77,1.21,-2.67,2.09,

-2.99,-3.21,0.14,141.71,4.64,-6.12,5.15,-6.65,

-2.84,-3.13,0.07,141.71,-2.45,-0.64,-5.40,2.00,

-2.90,-3.16,0.06,141.71,5.17,-4.20,4.75,-3.80,

-2.78,-3.16,-0.01,141.71,-1.01,-3.86,-4.17,-0.74,

-2.85,-3.23,-0.02,143.20,5.42,-5.86,5.06,-5.50,

-2.73,-3.17,-0.08,143.20,-1.36,-1.60,-4.19,1.04,

-2.81,-3.27,-0.09,143.20,6.27,-7.18,5.89,-6.78,

-2.71,-3.17,-0.15,143.20,-0.59,0.24,-3.16,2.78,

-2.72,-3.20,-0.19,146.24,0.24,0.77,-1.02,2.07,

-2.74,-3.31,-0.22,146.24,3.55,-7.79,2.46,-6.51,

-2.68,-3.19,-0.25,146.24,0.21,1.39,-1.34,3.02,

-2.72,-3.29,-0.28,146.24,4.31,-7.83,2.97,-6.30,

-2.68,-3.17,-0.31,146.24,1.11,1.45,-0.12,2.74,

-2.71,-3.27,-0.33,148.37,3.71,-7.19,2.64,-5.96,

-2.84,-3.38,-0.31,148.37,7.42,-6.44,8.16,-7.15,

-2.78,-3.25,-0.32,148.37,0.02,2.00,-0.64,2.71,

-2.92,-3.39,-0.28,148.37,7.63,-8.01,8.96,-9.37,

-2.89,-3.25,-0.29,148.37,1.06,2.74,0.60,3.25,

-2.92,-3.34,-0.31,151.86,3.70,-6.42,2.90,-5.53,

-3.06,-3.39,-0.31,151.86,8.01,-4.54,7.71,-4.28,

-3.00,-3.24,-0.35,151.86,0.94,2.24,-0.85,4.21,

-3.15,-3.40,-0.36,151.86,8.76,-9.66,7.94,-8.80,

-3.10,-3.24,-0.41,151.86,1.13,2.41,-0.61,4.33,

-3.07,-3.21,-0.45,154.30,2.04,-2.19,0.16,-0.30,

-3.19,-3.27,-0.46,154.30,7.23,-4.48,6.52,-3.84,

-3.15,-3.09,-0.49,154.30,1.39,3.21,0.16,4.58,

-3.16,-3.15,-0.52,154.30,3.12,-4.96,1.70,-3.45,

-3.28,-3.26,-0.53,154.30,7.08,-6.92,6.24,-6.09,

-3.29,-3.20,-0.54,158.01,1.94,-4.11,0.87,-2.95,

-3.47,-3.26,-0.53,158.01,4.17,0.57,4.36,0.41,

-3.42,-3.12,-0.54,158.01,0.97,2.20,0.27,2.95,

-3.50,-3.26,-0.55,162.61,5.33,-7.39,4.52,-6.51,

-3.59,-3.33,-0.56,162.61,5.71,-4.47,4.92,-3.72,

-3.62,-3.19,-0.58,162.61,3.39,1.72,2.47,2.62,

-3.68,-3.35,-0.65,162.61,5.73,-7.77,4.38,-6.31,

-3.85,-3.36,-0.69,165.82,5.79,0.10,4.88,0.86,

-3.83,-3.27,-0.72,165.82,2.26,0.10,1.01,1.31,

-3.88,-3.34,-0.75,165.82,4.50,-5.08,2.85,-3.39,

-4.00,-3.43,-0.78,165.82,7.23,-5.49,5.64,-4.00,

-4.12,-3.40,-0.81,168.08,6.88,-1.87,5.27,-0.52,

-4.19,-3.27,-0.85,168.08,5.43,1.23,3.76,2.75,

-4.21,-3.13,-0.91,168.08,4.51,0.79,1.92,3.28,

-4.23,-3.05,-1.01,168.08,4.78,-0.87,1.17,2.51,

-4.24,-3.07,-1.14,168.08,5.14,-4.86,0.52,-0.28,

-4.34,-3.22,-1.29,173.65,8.19,-8.91,2.81,-3.39,

-4.45,-3.34,-1.45,173.65,8.99,-8.81,2.80,-2.66,

-4.57,-3.41,-1.63,173.65,9.57,-6.82,2.86,-0.73,

-4.67,-3.45,-1.82,173.65,9.35,-6.56,2.10,0.04,

-4.76,-3.35,-2.03,173.65,9.63,-2.39,1.61,4.60,

-4.84,-3.25,-2.25,179.56,8.85,-2.53,1.21,4.25,

-4.94,-3.15,-2.48,179.56,9.59,-2.68,1.35,4.55,

-5.04,-3.07,-2.74,179.56,10.39,-3.39,1.14,4.66,

-5.12,-3.02,-3.00,179.56,9.96,-4.71,0.42,3.81,

-5.20,-3.02,-3.30,179.56,10.53,-6.39,-0.03,3.19,

-5.23,-3.07,-3.59,187.69,8.26,-7.42,-0.81,1.47,

-5.23,-3.13,-3.88,187.69,7.19,-7.68,-1.83,1.43,

-5.18,-3.16,-4.15,187.69,5.62,-6.64,-2.86,1.98,

-5.10,-3.13,-4.43,187.69,4.84,-5.29,-4.10,3.67,

-5.01,-3.10,-4.69,187.69,4.39,-5.04,-3.84,3.22,

-4.89,-2.98,-4.92,195.38,3.29,-2.28,-4.00,5.09,

-4.79,-2.84,-5.15,195.38,3.34,-1.74,-3.80,5.53,

-4.73,-2.73,-5.36,195.38,4.27,-2.16,-2.67,4.82,

-4.61,-2.74,-5.59,195.38,3.06,-5.27,-4.19,2.07,

-4.45,-2.70,-5.79,195.38,1.92,-3.58,-4.99,3.24,

-4.27,-2.59,-5.96,202.77,0.98,-1.77,-5.05,4.16,

-4.14,-2.47,-6.10,202.77,1.70,-1.24,-3.59,4.09,

-4.00,-2.45,-6.24,202.77,1.20,-3.11,-3.99,2.02,

-3.81,-2.39,-6.35,202.77,0.16,-2.26,-4.81,2.52,

-3.60,-2.32,-6.45,202.77,-0.44,-1.68,-5.19,2.80,

-3.45,-2.18,-6.50,209.94,0.14,0.08,-3.10,3.34,

-3.31,-2.13,-6.54,209.94,0.28,-1.33,-2.96,1.85,

-3.15,-2.07,-6.56,209.94,-0.50,-1.06,-3.32,1.65,

-3.01,-1.92,-6.56,209.94,-0.20,0.88,-2.62,3.37,

-2.91,-1.83,-6.56,209.94,0.41,-0.32,-1.93,2.02,

-2.77,-1.77,-6.54,214.96,-0.53,-0.56,-2.55,1.40,

-2.65,-1.62,-6.51,214.96,-0.27,1.24,-2.03,3.06,

-2.59,-1.53,-6.49,214.96,0.76,0.12,-1.07,1.99,

-2.49,-1.46,-6.47,214.96,0.07,-0.35,-1.86,1.57,

-2.42,-1.31,-6.44,214.96,0.49,1.30,-1.20,3.08,

-2.40,-1.24,-6.43,220.47,1.46,-0.07,-0.46,1.87,

-2.35,-1.15,-6.43,220.47,1.05,0.01,-1.04,2.13,

-2.31,-1.01,-6.42,220.47,1.05,0.85,-0.99,3.00,

-2.33,-0.89,-6.42,220.47,2.25,0.72,0.17,2.85,

-2.34,-0.84,-6.43,220.47,1.96,-0.63,-0.29,1.61,

-2.33,-0.71,-6.44,224.33,1.74,0.65,-0.57,3.05,

-2.39,-0.61,-6.46,224.33,3.00,0.27,0.63,2.62,

-2.39,-0.60,-6.52,224.33,2.27,-1.50,-0.72,1.47,

-2.36,-0.54,-6.58,224.33,1.75,-0.71,-1.36,2.42,

-2.36,-0.49,-6.66,224.33,2.59,-1.08,-0.80,2.30,

-2.28,-0.55,-6.79,227.03,1.54,-3.21,-2.64,1.00,

-2.18,-0.57,-6.93,227.03,1.22,-2.79,-3.15,1.56,

-2.06,-0.54,-7.10,227.03,1.22,-2.16,-3.77,2.78,

-1.95,-0.61,-7.32,227.03,1.67,-4.33,-4.27,1.62,

-1.75,-0.67,-7.58,227.03,0.64,-4.49,-6.16,2.08,

-1.58,-0.68,-7.84,226.92,1.12,-3.81,-5.87,2.98,

-1.39,-0.80,-8.16,226.92,1.16,-6.41,-6.85,1.52,

-1.16,-0.86,-8.46,226.92,0.43,-5.05,-7.74,2.67,

-0.95,-0.90,-8.78,226.92,0.89,-5.00,-7.49,3.00,

-0.69,-0.99,-9.12,226.92,0.29,-6.29,-8.92,2.35,

-0.10,-0.99,-9.76,230.84,-0.22,-4.16,-9.00,3.83,

0.67,-1.00,-10.39,230.84,-2.42,-3.95,-12.57,4.28,

1.03,-0.92,-10.69,230.84,-1.93,-3.04,-11.44,4.95,

1.45,-0.88,-11.00,231.59,-2.76,-3.80,-13.23,4.51,

1.91,-0.77,-11.29,231.59,-3.81,-2.48,-14.42,5.58,

2.84,-0.50,-11.78,231.59,-4.71,-2.48,-15.15,5.09,

3.31,-0.33,-11.99,231.59,-4.92,-0.89,-14.45,6.28,

3.77,-0.17,-12.18,232.11,-5.07,-0.79,-14.25,6.12,

4.24,-0.12,-12.36,232.11,-5.50,-2.44,-14.55,4.01,

4.72,0.04,-12.49,232.11,-6.08,-0.53,-14.34,5.47,

5.16,0.20,-12.58,232.11,-5.99,-0.06,-13.16,5.33,

5.61,0.27,-12.62,232.11,-6.72,-1.07,-12.89,3.32,

6.08,0.42,-12.60,232.48,-7.84,0.67,-13.07,4.43,

6.51,0.54,-12.51,232.48,-7.91,0.71,-11.27,3.18,

6.97,0.62,-12.39,232.48,-9.24,0.37,-11.93,2.20,

7.45,0.75,-12.21,232.48,-10.25,1.71,-11.86,2.82,

7.86,0.85,-12.00,232.48,-9.47,1.59,-10.02,1.98,

8.99,1.07,-11.33,230.74,-8.52,1.25,-8.36,1.13,

9.27,1.08,-11.08,230.74,-8.07,0.82,-7.40,0.31,

9.74,1.16,-10.44,229.52,-7.88,2.47,-5.22,0.28,

9.86,1.14,-10.06,229.52,-6.76,1.48,-3.48,-1.32,

9.95,1.13,-9.63,229.52,-6.80,1.86,-2.69,-1.72,

9.95,1.21,-9.13,229.52,-5.81,4.13,-0.66,-0.76,

9.85,1.21,-8.59,229.52,-4.53,3.45,1.40,-2.41,

9.71,1.19,-8.00,230.66,-4.22,3.30,2.42,-3.32,

9.52,1.21,-7.36,230.66,-3.79,4.59,3.85,-3.07,

9.18,1.25,-6.68,230.66,-1.82,5.50,7.11,-3.22,

8.77,1.19,-5.99,230.66,-0.70,3.92,9.01,-5.14,

8.29,1.15,-5.29,230.66,0.20,4.39,10.83,-5.07,

7.63,1.14,-4.61,231.46,3.36,4.77,15.79,-4.48,

6.88,1.05,-3.97,231.46,5.25,3.25,18.45,-5.52,

6.03,1.03,-3.39,231.46,7.84,4.01,22.59,-3.93,

4.99,1.08,-2.89,231.46,13.47,4.58,30.00,-2.33,

1.29,1.28,-1.96,230.02,30.00,3.72,30.00,1.00,

-0.16,1.47,-1.85,230.02,30.00,4.05,30.00,2.83,

-1.74,1.66,-1.84,230.02,30.00,3.29,30.00,3.75,

-3.42,1.76,-1.93,230.02,30.00,1.04,30.00,3.11,

-5.17,1.84,-2.08,225.02,30.00,0.31,30.00,3.48,

-8.85,2.00,-2.51,225.02,30.00,-0.26,30.00,4.25,

-10.82,2.09,-2.75,225.02,30.00,-0.11,30.00,4.75,

-12.87,2.11,-2.99,225.02,30.00,-1.45,30.00,3.41,

-17.21,1.93,-3.53,223.51,30.00,-4.63,30.00,1.26,

-19.44,1.69,-3.84,223.51,30.00,-7.12,30.00,-0.21,

-21.63,1.35,-4.19,223.51,30.00,-9.73,30.00,-1.53,

-23.82,0.98,-4.57,223.51,30.00,-11.23,30.00,-1.87,

-25.97,0.57,-4.98,223.51,30.00,-12.96,30.00,-2.36,

-28.11,0.15,-5.42,232.46,30.00,-12.57,30.00,-2.09,

-30.19,-0.31,-5.87,232.46,30.00,-13.99,30.00,-2.76,

-32.14,-0.86,-6.35,232.46,30.00,-17.36,30.00,-3.99,

-34.01,-1.39,-6.81,232.46,30.00,-17.25,30.00,-4.03,

-35.71,-1.80,-7.23,232.46,30.00,-13.52,30.00,-2.44,

-37.25,-2.13,-7.61,214.72,30.00,-13.89,30.00,-1.84,

-38.68,-2.36,-7.95,214.72,30.00,-10.87,30.00,-0.60,

-40.00,-2.49,-8.22,214.72,30.00,-7.58,30.00,0.71,

-41.17,-2.55,-8.45,214.72,30.00,-5.79,30.00,1.58,

-42.17,-2.56,-8.63,214.72,30.00,-4.47,30.00,1.85,

-42.96,-2.40,-8.74,150.30,30.00,-1.00,30.00,11.10,

-43.61,-2.13,-8.83,150.30,30.00,3.53,30.00,16.78,

-44.13,-1.78,-8.88,150.30,30.00,7.71,30.00,25.00,

-44.48,-1.40,-8.91,150.30,30.00,10.33,30.00,30.00,

-44.68,-1.01,-8.95,150.30,30.00,10.97,30.00,30.00,

-44.67,-0.65,-8.98,105.21,30.00,30.00,30.00,30.00,

-44.47,-0.29,-9.01,105.21,30.00,30.00,30.00,30.00,

-43.98,0.07,-9.04,105.21,30.00,30.00,30.00,30.00,

-43.26,0.53,-9.05,105.21,30.00,30.00,3.23,30.00,

-42.31,0.96,-9.07,105.21,-0.02,30.00,-23.11,30.00,

-41.11,1.29,-9.11,73.65,-30.00,30.00,-30.00,30.00,

-39.65,1.53,-9.18,73.65,-30.00,30.00,-30.00,30.00,

-37.89,1.68,-9.30,73.65,-30.00,5.79,-30.00,30.00,

-35.85,1.78,-9.46,73.65,-30.00,-6.21,-30.00,30.00,

-28.36,1.93,-10.20,51.55,-30.00,-30.00,-30.00,30.00,

-25.45,1.86,-10.55,51.55,-30.00,-30.00,-30.00,30.00,

-22.34,1.77,-10.91,51.55,-30.00,-30.00,-30.00,30.00,

-18.95,1.67,-11.25,51.55,-30.00,-30.00,-30.00,30.00,

-15.46,1.74,-11.62,90.09,-30.00,-30.00,-30.00,30.00,

-11.88,2.00,-11.89,90.09,-30.00,4.74,-30.00,30.00,

-8.10,2.27,-12.12,90.09,-30.00,9.86,-30.00,30.00,

-4.29,2.68,-12.32,90.09,-30.00,30.00,-30.00,30.00,

-0.44,3.10,-12.43,90.09,-30.00,30.00,-30.00,30.00,

7.55,3.87,-12.41,129.06,-30.00,30.00,-30.00,30.00,

11.64,4.23,-12.26,129.06,-30.00,30.00,-30.00,30.00,

15.75,4.56,-12.02,129.06,-30.00,30.00,-30.00,30.00,

19.82,4.86,-11.74,129.06,-30.00,30.00,-30.00,30.00,

23.90,5.06,-11.36,129.06,-30.00,30.00,-30.00,13.83,

27.89,5.10,-10.96,166.34,-30.00,7.43,-30.00,1.51,

31.75,5.05,-10.52,166.34,-30.00,5.14,-30.00,-2.05,

35.52,4.97,-10.01,166.34,-30.00,5.38,-30.00,-3.94,

39.16,4.80,-9.48,166.34,-30.00,2.62,-30.00,-8.10,

42.64,4.61,-8.88,166.34,-30.00,3.42,-30.00,-10.32,

46.03,4.36,-8.25,182.44,-30.00,1.71,-30.00,-11.32,

49.27,4.07,-7.62,182.44,-30.00,0.66,-30.00,-13.80,

52.40,3.77,-7.00,182.44,-30.00,0.35,-30.00,-13.97,

55.42,3.54,-6.43,182.44,-30.00,1.50,-30.00,-10.76,

58.29,3.43,-5.95,182.44,-30.00,3.56,-30.00,-5.62,

60.91,3.47,-5.59,191.71,-30.00,5.41,-30.00,-0.36,

63.31,3.66,-5.31,191.71,-30.00,8.75,-30.00,4.00,

65.44,3.93,-5.16,191.71,-30.00,8.98,-30.00,7.87,

67.30,4.29,-5.08,191.71,-30.00,11.40,-30.00,12.13,

68.97,4.77,-5.01,191.71,-30.00,16.17,-30.00,17.43,

70.45,5.29,-4.93,198.20,-30.00,17.11,-30.00,18.06,

71.68,5.80,-4.80,198.20,-30.00,17.91,-30.00,16.12,

72.74,6.25,-4.61,198.20,-30.00,17.39,-30.00,13.62,

73.63,6.59,-4.35,198.20,-30.00,14.44,-30.00,8.86,

74.41,6.77,-4.00,198.20,-30.00,10.89,-30.00,3.75,

75.06,6.84,-3.54,204.74,-30.00,8.60,-30.00,0.26,

75.48,6.84,-3.05,204.74,-30.00,7.40,-30.00,-1.44,

75.70,6.77,-2.56,204.74,-30.00,5.80,-30.00,-3.05,

75.62,6.67,-2.15,204.74,-30.00,4.48,-30.00,-2.96,

75.29,6.58,-1.80,204.74,-30.00,3.91,-30.00,-2.12,

74.74,6.59,-1.60,207.32,-30.00,4.49,-30.00,1.05,

73.86,6.83,-1.53,207.32,-14.62,8.32,-13.49,7.49,

72.62,7.27,-1.65,207.32,-2.81,11.23,-5.88,15.96,

71.12,7.82,-1.91,207.32,4.64,12.69,-1.30,30.00,

69.32,8.58,-2.30,207.32,15.14,18.48,3.79,30.00,

67.22,9.43,-2.77,215.12,30.00,18.81,9.79,30.00,

64.90,10.22,-3.28,215.12,30.00,16.30,17.26,30.00,

62.36,10.93,-3.79,215.12,30.00,13.87,30.00,30.00,

59.61,11.55,-4.30,215.12,30.00,11.44,30.00,30.00,

56.65,12.02,-4.76,215.12,30.00,8.57,30.00,30.00,

53.51,12.38,-5.17,214.58,30.00,6.57,30.00,23.70,

50.14,12.61,-5.51,214.58,30.00,4.72,30.00,16.51,

46.51,12.67,-5.80,214.58,30.00,1.89,30.00,10.49,

42.72,12.55,-6.07,214.58,30.00,-1.08,30.00,6.14,

38.71,12.30,-6.35,214.58,30.00,-3.61,30.00,3.65,

34.60,11.93,-6.65,214.21,30.00,-6.86,30.00,1.39,

30.32,11.47,-6.98,214.21,30.00,-9.25,30.00,0.09,

21.34,10.16,-7.81,214.21,30.00,-22.63,30.00,-4.14,

16.69,9.30,-8.38,214.21,30.00,-30.00,30.00,-5.86,

11.96,8.30,-9.01,213.95,30.00,-30.00,30.00,-8.58,

7.21,7.16,-9.72,213.95,30.00,-30.00,30.00,-11.29,

2.44,5.97,-10.47,213.95,30.00,-30.00,30.00,-12.62,

-2.30,4.69,-11.23,213.95,30.00,-30.00,30.00,-15.85,

-7.03,3.40,-11.96,213.95,30.00,-30.00,30.00,-17.93,

-11.69,2.04,-12.63,213.76,30.00,-30.00,30.00,-23.80,

-16.28,0.67,-13.24,213.76,30.00,-30.00,30.00,-30.00,

-20.78,-0.71,-13.77,213.76,30.00,-30.00,30.00,-30.00,

-25.11,-1.97,-14.16,213.76,30.00,-30.00,30.00,-30.00,

-29.28,-3.08,-14.38,213.76,30.00,-30.00,30.00,-30.00,

-33.30,-3.96,-14.44,213.63,30.00,-30.00,30.00,-20.16,

-37.20,-4.61,-14.34,213.63,30.00,-22.37,30.00,-14.56,

-40.99,-5.04,-14.08,213.63,30.00,-11.50,30.00,-10.80,

-44.63,-5.27,-13.67,213.63,30.00,-4.93,30.00,-7.80,

-48.09,-5.27,-13.14,213.63,30.00,0.50,30.00,-4.46,

-51.39,-5.04,-12.49,163.54,30.00,11.83,30.00,-2.13,

-54.46,-4.53,-11.73,163.54,30.00,30.00,30.00,5.00,

-57.29,-3.77,-10.89,163.54,30.00,30.00,30.00,13.89,

-59.86,-2.80,-9.98,163.54,30.00,30.00,30.00,30.00,

-62.14,-1.65,-9.02,163.54,30.00,30.00,30.00,30.00,

-65.83,0.88,-7.08,114.48,30.00,30.00,30.00,30.00,

-67.19,2.20,-6.15,114.48,30.00,30.00,30.00,30.00,

-68.28,3.56,-5.24,114.48,30.00,30.00,30.00,30.00,

-69.01,4.92,-4.34,114.48,30.00,30.00,30.00,30.00,

-69.53,6.39,-3.45,114.48,30.00,30.00,30.00,30.00,

-69.77,7.82,-2.59,80.14,30.00,30.00,30.00,30.00,

-69.71,9.18,-1.76,80.14,30.00,30.00,30.00,30.00,

-68.62,11.47,-0.23,80.14,30.00,30.00,30.00,30.00,

-66.22,13.00,0.93,56.10,-30.00,30.00,30.00,30.00,

-64.61,13.54,1.37,56.10,-30.00,30.00,-30.00,30.00,

-62.76,13.86,1.70,56.10,-30.00,30.00,-30.00,30.00,

-58.30,13.83,1.95,56.10,-30.00,30.00,-30.00,30.00,

-55.72,13.46,1.89,39.27,-30.00,-30.00,-30.00,-30.00,

-52.88,12.94,1.71,39.27,-30.00,-30.00,-30.00,-30.00,

-49.83,12.36,1.46,39.27,-30.00,-30.00,-30.00,-30.00,

-46.55,11.72,1.14,39.27,-30.00,-30.00,-30.00,-30.00,

-43.13,11.16,0.78,39.27,-30.00,-30.00,-30.00,-30.00,

-39.54,10.64,0.44,27.49,-30.00,-30.00,-30.00,-30.00,

-35.78,10.11,0.07,27.49,-30.00,-30.00,-30.00,-30.00,

-31.92,9.56,-0.35,27.49,-30.00,-30.00,-30.00,-30.00,

-27.91,9.00,-0.81,27.49,-30.00,-30.00,-30.00,-30.00,

-23.72,8.46,-1.32,27.49,-30.00,-30.00,-30.00,-30.00,

-19.42,7.98,-1.93,35.24,-30.00,-30.00,-30.00,1.34,

-15.08,7.57,-2.66,35.24,-30.00,-30.00,-30.00,30.00,

-10.72,7.25,-3.50,35.24,-30.00,-30.00,-30.00,30.00,

-6.38,7.05,-4.45,35.24,-30.00,-30.00,-30.00,30.00,

-2.13,6.94,-5.51,35.24,-30.00,-30.00,-30.00,30.00,

2.05,6.94,-6.63,35.24,-30.00,-30.00,-30.00,30.00,

6.09,7.03,-7.78,102.67,-30.00,-30.00,-30.00,30.00,

10.08,7.19,-8.90,102.67,-30.00,-30.00,-30.00,30.00,

13.91,7.47,-9.96,102.67,-30.00,-23.95,-30.00,30.00,

17.64,7.84,-10.87,102.67,-30.00,-3.02,-30.00,30.00,

21.31,8.19,-11.62,102.67,-30.00,1.63,-30.00,30.00,

24.87,8.44,-12.18,102.67,-30.00,1.14,-30.00,30.00,

28.34,8.58,-12.56,147.87,-30.00,-0.17,-30.00,30.00,

31.69,8.62,-12.81,147.87,-30.00,-1.47,-30.00,30.00,

38.09,8.58,-13.11,147.87,-30.00,-1.62,-30.00,17.75,

41.02,8.69,-13.29,147.87,-30.00,2.55,-30.00,30.00,

43.72,8.90,-13.55,167.51,-30.00,3.53,-30.00,30.00,

46.20,9.20,-13.93,167.51,-30.00,4.64,-30.00,30.00,

48.44,9.59,-14.39,167.51,-30.00,6.25,-30.00,30.00,

50.45,10.05,-14.92,167.51,-30.00,8.02,-30.00,30.00,

52.28,10.57,-15.46,167.51,-30.00,10.21,-30.00,30.00,

53.97,11.14,-15.98,183.26,-30.00,10.67,-30.00,30.00,

55.51,11.73,-16.46,183.26,-30.00,11.88,-30.00,30.00,

56.92,12.27,-16.87,183.26,-30.00,11.93,-30.00,30.00,

59.50,12.99,-17.53,183.26,-30.00,6.80,-30.00,30.00,

60.65,13.26,-17.80,192.28,-30.00,5.08,-30.00,30.00,

61.62,13.50,-18.04,192.28,-30.00,4.85,-30.00,30.00,

62.43,13.73,-18.26,192.28,-30.00,4.87,-30.00,30.00,

63.04,13.90,-18.46,192.28,-30.00,3.64,-30.00,30.00,

63.33,14.03,-18.66,192.28,-30.00,2.77,-30.00,23.93,

63.37,14.09,-18.84,198.60,-30.00,1.30,-30.00,16.90,

63.14,14.00,-19.00,198.60,-25.40,-1.63,-30.00,11.20,

62.67,13.86,-19.12,198.60,-13.51,-2.24,-30.00,9.07,

61.92,13.74,-19.19,198.60,-5.74,-1.52,-22.53,8.83,

60.87,13.51,-19.25,198.60,1.13,-3.98,-9.04,5.60,

57.95,12.97,-19.36,207.02,17.62,-4.30,4.74,4.51,

56.07,12.67,-19.45,207.02,30.00,-5.69,11.62,3.80,

53.98,12.36,-19.55,207.02,30.00,-6.17,21.53,3.46,

48.97,11.75,-19.72,214.91,30.00,-6.51,30.00,2.30,

46.04,11.35,-19.79,214.91,30.00,-7.98,30.00,0.98,

42.84,10.83,-19.84,214.91,30.00,-10.75,30.00,-1.25,

39.41,10.25,-19.84,214.91,30.00,-12.05,30.00,-3.23,

35.77,9.58,-19.80,214.91,30.00,-14.37,30.00,-5.45,

31.87,8.92,-19.74,214.44,30.00,-14.39,30.00,-5.99,

27.77,8.18,-19.65,214.44,30.00,-17.41,30.00,-8.43,

23.49,7.33,-19.54,214.44,30.00,-22.50,30.00,-11.76,

19.05,6.38,-19.44,214.44,30.00,-30.00,30.00,-15.37,

14.45,5.42,-19.34,214.44,30.00,-30.00,30.00,-16.24,

9.75,4.46,-19.23,214.11,30.00,-30.00,30.00,-17.31,

4.93,3.51,-19.15,214.11,30.00,-30.00,30.00,-17.50,

-9.78,0.51,-18.93,214.11,30.00,-30.00,30.00,-25.16,

-14.65,-0.55,-18.83,215.87,30.00,-30.00,30.00,-30.00,

-19.50,-1.65,-18.73,215.87,30.00,-30.00,30.00,-30.00,

-24.33,-2.72,-18.62,215.87,30.00,-30.00,30.00,-30.00,

-29.15,-3.71,-18.48,215.87,30.00,-30.00,30.00,-30.00,

-38.64,-5.70,-18.20,207.11,30.00,-30.00,30.00,-30.00,

-43.22,-6.66,-18.07,207.11,30.00,-30.00,30.00,-30.00,

-47.58,-7.63,-17.96,207.11,30.00,-30.00,30.00,-30.00,

-55.70,-9.14,-17.66,207.11,30.00,-30.00,30.00,-20.77,

-59.44,-9.56,-17.40,144.98,30.00,-30.00,30.00,-30.00,

-62.95,-9.72,-17.02,144.98,30.00,-17.12,30.00,-20.48,

-66.26,-9.59,-16.53,144.98,30.00,0.69,30.00,-5.58,

-69.35,-9.19,-15.95,144.98,30.00,18.23,30.00,2.96,

-72.18,-8.57,-15.25,144.98,30.00,30.00,30.00,12.01,

-74.68,-7.69,-14.46,101.48,30.00,30.00,30.00,30.00,

-76.89,-6.59,-13.58,101.48,30.00,30.00,30.00,30.00,

-78.86,-5.27,-12.64,101.48,30.00,30.00,30.00,30.00,

-80.51,-3.84,-11.68,101.48,30.00,30.00,30.00,30.00,

-81.94,-2.23,-10.67,101.48,30.00,30.00,30.00,30.00,

-83.01,-0.82,-9.70,71.04,30.00,30.00,30.00,30.00,

-83.73,0.57,-8.73,71.04,30.00,30.00,30.00,30.00,

-84.21,1.91,-7.76,71.04,30.00,30.00,30.00,30.00,

-84.23,3.15,-6.81,71.04,30.00,30.00,30.00,30.00,

-83.80,4.37,-5.86,71.04,30.00,30.00,30.00,30.00,

-83.09,5.60,-4.93,49.73,30.00,30.00,30.00,30.00,

-82.06,6.72,-4.02,49.73,30.00,30.00,30.00,30.00,

-80.72,7.90,-3.12,49.73,-30.00,30.00,30.00,30.00,

-77.14,10.13,-1.38,49.73,-30.00,30.00,2.51,30.00,

-74.82,10.93,-0.63,49.73,-30.00,30.00,-30.00,30.00,

-72.40,11.65,0.03,34.81,-30.00,30.00,-30.00,30.00,

-69.72,12.28,0.64,34.81,-30.00,30.00,-30.00,30.00,

-66.66,12.81,1.23,34.81,-30.00,30.00,-30.00,30.00,

-63.42,13.29,1.76,34.81,-30.00,30.00,-30.00,30.00,

-60.00,13.73,2.21,34.81,-30.00,30.00,-30.00,30.00,

-56.34,13.98,2.58,24.37,-30.00,30.00,-30.00,30.00,

-52.47,14.04,2.84,24.37,-30.00,30.00,-30.00,30.00,

-39.60,13.32,2.94,24.37,-30.00,-30.00,-30.00,-30.00,

-34.96,12.84,2.74,17.06,-30.00,-30.00,-30.00,-30.00,

-30.14,12.29,2.40,17.06,-30.00,-30.00,-30.00,-30.00,

-25.31,11.84,2.00,17.06,-30.00,-30.00,-30.00,-30.00,

-30.34,11.25,1.52,17.06,30.00,-30.00,30.00,-30.00,

-35.35,10.58,0.98,17.06,30.00,-30.00,30.00,-30.00,

-40.33,9.94,0.45,41.94,30.00,-30.00,30.00,-30.00,

-45.28,9.34,-0.09,41.94,30.00,-30.00,30.00,-30.00,

-50.20,8.76,-0.61,41.94,30.00,-30.00,30.00,-30.00,

-59.95,7.87,-1.50,41.94,30.00,-30.00,30.00,-30.00,

-64.77,7.60,-1.80,93.36,30.00,-30.00,30.00,5.75,

-69.56,7.35,-2.00,93.36,30.00,-30.00,30.00,1.65,

-64.38,7.27,-2.08,93.36,-30.00,-0.18,-30.00,13.86,

-59.31,7.29,-2.06,93.36,-30.00,21.29,-30.00,30.00,

-54.36,7.38,-1.96,93.36,-30.00,30.00,-30.00,30.00,

-49.67,7.60,-1.82,129.35,-30.00,30.00,-30.00,23.91,

-45.29,7.83,-1.69,129.35,-30.00,30.00,-30.00,30.00,

-41.22,7.99,-1.64,129.35,-30.00,30.00,-30.00,23.53,

-33.93,8.20,-1.65,129.35,-30.00,15.15,-30.00,20.40,

-30.68,8.45,-1.64,154.55,-30.00,19.01,-30.00,20.85,

-27.60,8.71,-1.59,154.55,-30.00,23.65,-30.00,21.51,

-24.72,9.06,-1.44,154.55,-30.00,30.00,-30.00,30.00,

-22.01,9.43,-1.20,154.55,-30.00,30.00,-30.00,24.11,

-19.35,9.80,-0.84,154.55,-30.00,30.00,-30.00,18.90,

-16.72,10.14,-0.40,174.18,-30.00,30.00,-30.00,10.01,

-14.22,10.46,0.08,174.18,-30.00,30.00,-30.00,8.37,

-11.86,10.76,0.57,174.18,-30.00,30.00,-30.00,7.86,

-9.69,11.08,1.04,174.18,-30.00,30.00,-30.00,8.87,

-7.83,11.36,1.47,174.18,-30.00,30.00,-30.00,8.27,

-6.24,11.54,1.79,174.18,-30.00,25.95,-30.00,6.60,

-4.97,11.61,1.99,199.93,-30.00,9.79,-30.00,3.70,

-3.94,11.60,2.09,199.93,-30.00,6.50,-30.00,3.26,

-3.23,11.66,2.06,199.93,-18.16,6.54,-17.61,6.26,

-2.92,11.70,1.92,199.93,-4.27,4.63,-6.76,7.16,

-2.88,11.64,1.66,199.93,2.66,1.15,-1.83,6.05,

-3.08,11.65,1.34,207.95,8.58,1.86,2.14,8.22,

-3.59,11.72,0.97,207.95,20.79,2.36,8.50,10.48,

-4.37,11.71,0.54,207.95,30.00,0.19,16.17,9.05,

-5.35,11.72,0.09,207.95,30.00,0.46,30.00,10.29,

-6.52,11.66,-0.39,207.95,30.00,-1.26,30.00,8.67,

-8.01,11.63,-0.84,211.56,30.00,-0.62,30.00,8.85,

-9.78,11.54,-1.28,211.56,30.00,-1.64,30.00,7.31,

-11.85,11.33,-1.68,211.56,30.00,-3.56,30.00,4.57,

-14.17,11.04,-2.03,211.56,30.00,-5.04,30.00,2.27,

-16.76,10.70,-2.33,211.56,30.00,-5.85,30.00,0.75,

-19.59,10.26,-2.55,212.10,30.00,-7.22,30.00,-1.78,

-22.71,9.89,-2.65,212.10,30.00,-4.73,30.00,-1.74,

-26.13,9.49,-2.67,212.10,30.00,-4.53,30.00,-3.05,

-29.78,9.10,-2.62,212.10,30.00,-3.88,30.00,-3.91,

-33.63,8.68,-2.51,212.10,30.00,-4.12,30.00,-5.32,

-37.63,8.23,-2.37,214.47,30.00,-4.33,30.00,-6.23,

-41.81,7.83,-2.18,214.47,30.00,-3.07,30.00,-5.84,

-46.09,7.49,-1.97,214.47,30.00,-1.75,30.00,-5.10,

-50.56,7.15,-1.74,214.47,30.00,-1.78,30.00,-5.50,

-55.17,6.75,-1.54,214.47,30.00,-3.09,30.00,-6.54,

-59.80,6.25,-1.40,214.13,30.00,-6.03,30.00,-8.50,

-64.42,5.68,-1.32,214.13,30.00,-8.71,30.00,-9.88,

-69.02,4.91,-1.32,214.13,30.00,-15.30,30.00,-14.60,

-73.61,3.93,-1.38,214.13,30.00,-30.00,30.00,-24.17,

-78.17,2.88,-1.46,214.13,30.00,-30.00,30.00,-30.00,

-82.71,1.85,-1.52,211.89,30.00,-30.00,30.00,-30.00,

-87.23,0.95,-1.52,211.89,30.00,-30.00,30.00,-26.62,

-91.73,0.16,-1.47,211.89,30.00,-19.97,30.00,-21.31,

-96.21,-0.57,-1.37,211.89,30.00,-16.74,30.00,-19.84,

-100.68,-1.21,-1.24,211.89,30.00,-13.74,30.00,-17.41,

-105.13,-1.87,-1.09,206.32,30.00,-15.58,30.00,-21.29,

-109.39,-2.49,-0.92,206.32,30.00,-14.12,30.00,-20.31,

-113.45,-2.89,-0.71,206.32,30.00,-7.66,30.00,-13.13,

-117.29,-3.01,-0.42,206.32,30.00,-0.59,30.00,-6.41,

-120.83,-2.75,-0.04,206.32,30.00,8.22,30.00,0.08,

-124.16,-1.99,0.49,144.43,30.00,30.00,30.00,30.00,

-127.18,-0.86,1.12,144.43,30.00,30.00,30.00,30.00,

-132.38,2.40,2.62,144.43,30.00,30.00,30.00,30.00,

-134.49,4.46,3.49,144.43,30.00,30.00,30.00,30.00,

-136.30,6.73,4.41,101.10,30.00,30.00,30.00,30.00,

-137.77,9.19,5.37,101.10,30.00,30.00,30.00,30.00,

-140.29,17.49,8.50,101.10,30.00,30.00,30.00,30.00,

-140.50,20.37,9.61,70.77,30.00,30.00,30.00,30.00,

-140.15,23.09,10.73,70.77,30.00,30.00,30.00,30.00,

-139.51,25.75,11.82,70.77,30.00,30.00,30.00,30.00,

-138.43,28.41,12.92,70.77,30.00,30.00,30.00,30.00,

-136.89,31.00,14.02,70.77,30.00,30.00,30.00,30.00,

-135.10,33.42,15.05,49.54,30.00,30.00,30.00,30.00,

-132.92,35.63,16.02,49.54,-30.00,30.00,30.00,30.00,

-130.48,37.57,16.91,49.54,-30.00,30.00,30.00,30.00,

-127.74,39.25,17.71,49.54,-30.00,30.00,30.00,30.00,

-124.76,40.57,18.38,49.54,-30.00,30.00,11.55,30.00,

-121.57,41.56,18.92,34.68,-30.00,30.00,-30.00,30.00,

-118.16,42.26,19.32,34.68,-30.00,30.00,-30.00,30.00,

-114.58,42.67,19.59,34.68,-30.00,30.00,-30.00,30.00,

-110.83,42.73,19.71,34.68,-30.00,30.00,-30.00,30.00,

-106.93,42.36,19.66,34.68,-30.00,30.00,-30.00,30.00,

-102.88,41.64,19.46,34.68,-30.00,30.00,-30.00,13.99,

-98.63,40.53,19.10,24.27,-30.00,-30.00,-30.00,-30.00,

-94.17,39.14,18.61,24.27,-30.00,-30.00,-30.00,-30.00,

-89.57,37.52,17.99,24.27,-30.00,-30.00,-30.00,-30.00,

-94.66,35.50,17.25,24.27,30.00,-30.00,30.00,-30.00,

-99.75,33.51,16.40,24.27,30.00,-30.00,30.00,-30.00,

-104.82,31.33,15.53,24.27,30.00,-30.00,30.00,-30.00,

-109.87,28.91,14.57,30.99,30.00,-30.00,30.00,-30.00,

-114.88,26.39,13.59,30.99,30.00,-30.00,30.00,-30.00,

-119.82,23.93,12.61,30.99,30.00,-30.00,30.00,-30.00,

-124.67,21.43,11.68,30.99,30.00,-30.00,30.00,-30.00,

-129.43,19.09,10.82,30.99,30.00,-30.00,30.00,-30.00,

-134.12,16.98,10.03,85.69,30.00,-30.00,30.00,-30.00,

-138.71,15.25,9.41,85.69,30.00,-30.00,30.00,-30.00,

-143.21,14.01,8.96,85.69,30.00,-30.00,30.00,-30.00,

-147.65,13.15,8.68,85.69,30.00,-30.00,30.00,-30.00,

-152.02,12.75,8.56,85.69,30.00,-17.55,30.00,-30.00,

-156.34,12.69,8.57,123.99,30.00,21.67,30.00,5.49,

-160.62,12.89,8.67,123.99,30.00,30.00,30.00,30.00,

-154.98,13.34,8.82,123.99,-30.00,30.00,-30.00,30.00,

-149.58,13.84,8.98,123.99,-30.00,30.00,-30.00,30.00,

-144.44,14.47,9.16,123.99,-30.00,30.00,-30.00,30.00,

-139.58,15.14,9.36,150.79,-30.00,30.00,-30.00,30.00,

-130.67,16.61,9.79,150.79,-30.00,30.00,-30.00,30.00,

-126.52,17.50,10.06,150.79,-30.00,30.00,-30.00,30.00,

-122.57,18.50,10.39,150.79,-30.00,30.00,-30.00,30.00,

-118.84,19.59,10.76,150.79,-30.00,30.00,-30.00,30.00,

-115.36,20.77,11.19,181.55,-30.00,30.00,-30.00,30.00,

-112.07,21.96,11.65,181.55,-30.00,30.00,-30.00,30.00,

-109.00,23.08,12.12,181.55,-30.00,30.00,-18.19,30.00,

-106.06,24.08,12.60,181.55,-30.00,30.00,-13.50,30.00,

-103.33,25.07,13.07,181.55,-30.00,30.00,-8.27,30.00,

-100.75,25.97,13.52,191.09,-30.00,30.00,-4.58,30.00,

-98.40,26.84,13.94,191.09,-30.00,30.00,-0.79,30.00,

-96.29,27.70,14.34,191.09,-14.89,30.00,3.63,30.00,

-94.44,28.47,14.69,191.09,-6.76,30.00,8.92,30.00,

-92.89,29.10,14.97,191.09,0.42,30.00,18.39,30.00,

-91.66,29.50,15.16,199.76,7.84,30.00,30.00,23.20,

-90.68,29.77,15.27,199.76,17.13,30.00,30.00,18.62,

-89.99,29.98,15.30,199.76,30.00,30.00,30.00,17.69,

-89.58,30.16,15.27,199.76,30.00,30.00,30.00,17.80,

-89.49,30.25,15.17,199.76,30.00,30.00,30.00,15.56,

-89.67,30.21,15.00,203.83,30.00,15.80,30.00,11.37,

-90.15,30.03,14.79,203.83,30.00,10.69,30.00,8.25,

-90.87,29.80,14.57,203.83,30.00,8.62,30.00,6.88,

-91.94,29.62,14.34,203.83,30.00,9.95,30.00,8.32,

-93.30,29.34,14.09,203.83,30.00,6.91,30.00,6.18,

-95.04,28.98,13.79,206.68,30.00,3.92,30.00,4.50,

-97.17,28.46,13.41,206.68,30.00,0.01,30.00,2.01,

-99.67,27.62,12.89,206.68,30.00,-9.18,30.00,-3.09,

-102.47,26.37,12.21,206.68,30.00,-30.00,30.00,-11.17,

-105.57,24.84,11.39,206.68,30.00,-30.00,30.00,-20.27,

-108.90,23.06,10.46,208.68,30.00,-30.00,30.00,-30.00,

-112.54,21.00,9.42,208.68,30.00,-30.00,30.00,-30.00,

-116.40,18.83,8.33,208.68,30.00,-30.00,30.00,-30.00,

-120.36,16.60,7.29,208.68,30.00,-30.00,30.00,-30.00,

-124.46,14.34,6.30,208.68,30.00,-30.00,30.00,-30.00,

-128.72,12.11,5.37,210.07,30.00,-30.00,30.00,-30.00,

-133.03,9.89,4.54,210.07,30.00,-30.00,30.00,-30.00,

-137.39,7.87,3.85,210.07,30.00,-30.00,30.00,-30.00,

-141.68,6.15,3.33,210.07,30.00,-30.00,30.00,-30.00,

-145.93,4.59,2.91,210.07,30.00,-30.00,30.00,-30.00,

-154.33,2.29,2.50,211.05,30.00,-30.00,30.00,-30.00,

-158.49,1.23,2.40,211.05,30.00,-30.00,30.00,-30.00,

-162.63,0.04,2.28,211.05,30.00,-30.00,30.00,-30.00,

-166.75,-1.22,2.15,211.05,30.00,-30.00,30.00,-30.00,

-170.85,-2.70,1.96,211.74,30.00,-30.00,30.00,-30.00,

-178.97,-5.74,1.52,211.74,30.00,-30.00,30.00,-30.00,

-182.97,-7.10,1.31,211.74,30.00,-30.00,30.00,-30.00,

-186.97,-8.15,1.18,211.74,30.00,-30.00,30.00,-30.00,

-190.77,-9.14,1.07,212.22,30.00,-30.00,30.00,-30.00,

-197.96,-10.73,0.92,212.22,30.00,-30.00,30.00,-30.00,

-201.23,-11.26,0.89,212.22,30.00,-19.18,30.00,-18.99,

-204.33,-11.42,0.94,212.22,30.00,-6.81,30.00,-8.32,

-207.17,-10.97,1.11,164.55,30.00,11.43,30.00,3.98,

-209.78,-10.10,1.38,164.55,30.00,30.00,30.00,26.37,

-212.18,-8.56,1.79,164.55,30.00,30.00,30.00,30.00,

-214.32,-6.49,2.32,164.55,30.00,30.00,30.00,30.00,

-216.20,-4.12,2.91,164.55,30.00,30.00,30.00,30.00,

-217.79,-1.30,3.59,115.19,30.00,30.00,30.00,30.00,

-219.10,1.77,4.31,115.19,30.00,30.00,30.00,30.00,

-220.11,5.05,5.07,115.19,30.00,30.00,30.00,30.00,

-220.82,8.59,5.87,115.19,30.00,30.00,30.00,30.00,

-221.29,12.24,6.69,115.19,30.00,30.00,30.00,30.00,

-221.49,15.70,7.48,80.63,30.00,30.00,30.00,30.00,

-221.28,19.03,8.24,80.63,30.00,30.00,30.00,30.00,

-220.94,22.27,8.99,80.63,30.00,30.00,30.00,30.00,

-220.18,25.42,9.74,80.63,30.00,30.00,30.00,30.00,

-219.02,28.44,10.46,80.63,30.00,30.00,30.00,30.00,

-217.66,31.29,11.13,56.44,30.00,30.00,30.00,30.00,

-215.92,33.81,11.73,56.44,30.00,30.00,30.00,30.00,

-213.89,35.99,12.27,56.44,30.00,30.00,30.00,30.00,

-211.66,37.66,12.71,56.44,30.00,30.00,30.00,30.00,

-209.19,38.80,13.05,56.44,30.00,30.00,30.00,30.00,

-206.51,39.50,13.29,56.44,30.00,30.00,30.00,30.00,

-203.55,39.87,13.46,39.51,30.00,30.00,30.00,30.00,

-200.37,39.91,13.56,39.51,30.00,30.00,30.00,30.00,

-196.96,39.80,13.61,39.51,30.00,30.00,30.00,30.00,

-193.30,39.54,13.62,39.51,30.00,30.00,30.00,30.00,

-189.42,39.16,13.60,39.51,-30.00,30.00,21.85,30.00,

-185.30,38.65,13.54,27.66,-30.00,30.00,-30.00,30.00,

-180.91,37.84,13.42,27.66,-30.00,30.00,-30.00,-30.00,

-176.31,36.84,13.25,27.66,-30.00,-30.00,-30.00,-30.00,

-171.45,35.65,13.01,27.66,-30.00,-30.00,-30.00,-30.00,

-166.38,34.27,12.72,27.66,-30.00,-30.00,-30.00,-30.00,

-161.09,32.68,12.36,19.36,-30.00,-30.00,-30.00,-30.00,

-155.78,31.37,11.99,19.36,-30.00,-30.00,-30.00,-30.00,

-160.28,29.81,11.64,19.36,30.00,-30.00,30.00,-30.00,

-164.73,28.38,11.30,19.36,30.00,-30.00,30.00,-30.00,

-169.14,27.03,10.99,19.36,30.00,-30.00,30.00,-30.00,

-173.49,25.96,10.76,65.55,30.00,-30.00,30.00,-30.00,

-186.18,24.67,10.58,65.55,30.00,30.00,30.00,30.00,

-180.43,24.82,10.67,65.55,-30.00,30.00,-30.00,30.00,

-174.73,25.20,10.85,65.55,-30.00,30.00,-30.00,30.00,

-169.22,25.69,11.06,121.89,-30.00,30.00,-30.00,30.00,

-163.86,26.25,11.32,121.89,-30.00,30.00,-30.00,30.00,

-158.63,26.96,11.63,121.89,-30.00,30.00,-30.00,30.00,

-153.57,27.86,12.01,121.89,-30.00,30.00,-30.00,30.00,

-148.67,28.98,12.47,121.89,-30.00,30.00,-30.00,30.00,

-143.97,30.20,12.97,149.32,-30.00,30.00,-30.00,30.00,

-135.16,32.75,14.13,149.32,-30.00,30.00,-30.00,30.00,

-131.06,33.96,14.75,149.32,-30.00,30.00,-30.00,30.00,

-127.16,35.09,15.38,149.32,-30.00,30.00,-30.00,30.00,

-123.45,36.21,16.03,168.52,-30.00,30.00,-30.00,30.00,

-119.97,37.28,16.65,168.52,-30.00,30.00,-30.00,30.00,

-116.73,38.19,17.24,168.52,-30.00,30.00,-16.42,30.00,

-113.67,38.96,17.79,168.52,-30.00,30.00,-11.19,30.00,

-110.94,39.56,18.26,168.52,-30.00,30.00,-2.72,30.00,

-108.44,39.97,18.66,181.97,-30.00,30.00,1.39,30.00,

-106.19,40.28,19.00,181.97,-14.97,30.00,6.29,30.00,

-104.18,40.50,19.27,181.97,-6.85,30.00,11.48,30.00,

-102.33,40.73,19.49,181.97,-2.64,30.00,15.78,30.00,

-100.65,40.95,19.67,181.97,1.31,30.00,24.55,30.00,

-99.15,41.10,19.79,191.38,4.93,30.00,30.00,26.99,

-97.84,41.11,19.88,191.38,10.59,30.00,30.00,17.23,

-96.68,41.06,19.95,191.38,15.17,30.00,30.00,15.21,

-95.64,40.89,19.99,191.38,21.01,30.00,30.00,11.35,

-94.75,40.82,20.04,191.38,30.00,30.00,30.00,14.54,

-94.06,40.75,20.08,199.96,30.00,30.00,30.00,12.90,

-93.58,40.59,20.08,199.96,30.00,30.00,30.00,10.69,

-93.28,40.39,20.09,199.96,30.00,30.00,30.00,9.10,

-93.22,40.09,20.05,199.96,30.00,19.59,30.00,7.14,

-93.37,39.68,19.96,199.96,30.00,13.50,30.00,4.89,

-93.75,39.19,19.80,203.97,30.00,9.06,30.00,3.47,

-94.37,38.59,19.55,203.97,30.00,4.97,30.00,1.90,

-95.23,37.88,19.22,203.97,30.00,1.42,30.00,0.51,

-96.39,37.04,18.77,203.97,30.00,-2.67,30.00,-1.29,

-97.86,35.89,18.19,203.97,30.00,-13.02,30.00,-6.89,

-101.49,32.88,16.71,206.78,30.00,-30.00,30.00,-19.05,

-103.64,31.13,15.85,206.78,30.00,-30.00,30.00,-30.00,

-106.02,29.30,14.95,206.78,30.00,-30.00,30.00,-30.00,

-108.59,27.40,14.04,206.78,30.00,-30.00,30.00,-30.00,

-111.36,25.60,13.16,208.75,30.00,-30.00,30.00,-30.00,

-114.38,23.81,12.33,208.75,30.00,-30.00,30.00,-30.00,

-117.49,22.16,11.59,208.75,30.00,-30.00,30.00,-30.00,

-120.64,20.59,10.91,208.75,30.00,-30.00,30.00,-30.00,

-123.86,19.23,10.35,208.75,30.00,-30.00,30.00,-21.93,

-127.15,18.15,9.90,210.12,30.00,-25.76,30.00,-13.39,

-130.52,17.25,9.54,210.12,30.00,-14.92,30.00,-9.96,

-133.99,16.51,9.28,210.12,30.00,-9.42,30.00,-7.53,

-137.54,15.78,9.05,210.12,30.00,-8.92,30.00,-7.89,

-144.75,14.36,8.71,213.09,30.00,-7.60,30.00,-8.23,

-148.32,13.76,8.61,213.09,30.00,-5.49,30.00,-7.02,

-151.89,13.34,8.58,213.09,30.00,-1.54,30.00,-4.10,

-155.42,13.03,8.59,213.09,30.00,0.79,30.00,-2.51,

-158.88,12.93,8.68,213.09,30.00,5.49,30.00,0.44,

-162.23,13.05,8.84,213.16,30.00,11.56,30.00,3.85,

-165.41,13.33,9.05,213.16,30.00,18.21,30.00,6.81,

-168.39,13.92,9.35,213.16,30.00,30.00,30.00,14.09,

-171.12,14.78,9.71,213.16,30.00,30.00,30.00,25.89,

-173.63,15.89,10.13,213.16,30.00,30.00,30.00,30.00,

-175.93,17.10,10.60,215.21,30.00,30.00,30.00,30.00,

-177.95,18.42,11.10,215.21,30.00,30.00,30.00,30.00,

-179.68,19.70,11.60,215.21,30.00,30.00,30.00,30.00,

-181.11,21.01,12.11,215.21,30.00,30.00,30.00,30.00,

-182.16,22.49,12.67,215.21,30.00,30.00,30.00,30.00,

-182.92,24.08,13.24,168.65,30.00,30.00,30.00,30.00,

-183.30,29.54,15.09,168.65,30.00,30.00,30.00,30.00,

-182.77,31.32,15.71,168.65,30.00,30.00,30.00,30.00,

-181.90,33.00,16.31,118.05,30.00,30.00,30.00,30.00,

-180.70,34.52,16.89,118.05,30.00,30.00,30.00,30.00,

-179.23,35.92,17.43,118.05,30.00,30.00,30.00,30.00,

-177.47,37.33,17.95,118.05,30.00,30.00,30.00,30.00,

-175.50,38.53,18.42,118.05,30.00,30.00,30.00,30.00,

-173.40,39.49,18.82,82.64,30.00,30.00,30.00,30.00,

-171.17,40.13,19.13,82.64,30.00,30.00,30.00,30.00,

-163.86,39.79,19.47,82.64,30.00,30.00,30.00,30.00,

-161.23,39.12,19.40,57.85,30.00,30.00,30.00,-13.87,

-158.46,38.28,19.27,57.85,30.00,15.48,30.00,-30.00,

-155.61,37.35,19.09,57.85,30.00,-30.00,30.00,-30.00,

-152.70,36.28,18.83,57.85,30.00,-30.00,30.00,-30.00,

-149.77,35.04,18.52,57.85,10.31,-30.00,30.00,-30.00,

-146.79,33.63,18.14,102.49,-3.35,-30.00,-4.63,-30.00,

-143.74,32.10,17.71,102.49,-12.11,-30.00,-30.00,-30.00,

-140.67,30.49,17.23,102.49,-21.71,-30.00,-30.00,-30.00,

-137.60,28.82,16.70,102.49,-30.00,-30.00,-30.00,-30.00,

-134.53,27.15,16.15,102.49,-30.00,-30.00,-30.00,-30.00,

-128.51,23.89,15.01,135.74,-17.14,-30.00,-30.00,-30.00,

-125.56,22.34,14.44,135.74,-16.95,-30.00,-30.00,-30.00,

-122.64,20.83,13.87,135.74,-20.40,-30.00,-30.00,-30.00,

-119.74,19.39,13.32,135.74,-30.00,-30.00,-30.00,-30.00,

-116.81,18.00,12.75,159.02,-19.47,-30.00,-30.00,-30.00,

-113.91,16.75,12.20,159.02,-24.13,-30.00,-30.00,-30.00,

-111.05,15.61,11.65,159.02,-24.12,-30.00,-30.00,-30.00,

-108.26,14.61,11.12,159.02,-23.88,-30.00,-30.00,-30.00,

-105.58,13.68,10.57,159.02,-17.39,-30.00,-30.00,-26.82,

-102.98,12.86,10.05,175.31,-11.79,-30.00,-30.00,-13.03,

-100.44,12.10,9.56,175.31,-12.18,-30.00,-30.00,-11.27,

-97.97,11.51,9.11,175.31,-11.96,-17.81,-30.00,-6.62,

-95.60,11.22,8.75,175.31,-11.41,-4.33,-21.46,0.65,

-93.42,11.08,8.47,175.31,-7.31,0.65,-11.44,3.74,

-91.32,10.97,8.25,190.72,-5.93,1.88,-7.25,3.00,

-89.33,11.06,8.11,190.72,-4.80,8.11,-4.28,7.51,

-87.57,11.31,8.05,190.72,-1.41,14.66,0.84,10.87,

-85.91,11.54,8.06,190.72,-0.66,15.67,3.15,9.50,

-84.39,11.96,8.14,190.72,1.04,30.00,7.01,15.73,

-83.03,12.38,8.25,203.50,3.34,26.47,10.01,12.28,

-81.76,12.62,8.37,203.50,4.59,16.52,11.82,7.75,

-80.66,12.92,8.48,203.50,7.92,18.69,16.64,9.12,

-79.73,13.13,8.57,203.50,12.90,15.17,26.85,7.40,

-78.95,13.10,8.58,203.50,19.04,6.98,30.00,2.80,

-78.28,13.03,8.55,210.45,24.03,4.92,30.00,2.06,

-77.76,12.95,8.47,210.45,30.00,4.28,30.00,2.54,

-77.45,12.70,8.33,210.45,30.00,0.20,30.00,-0.23,

-77.24,12.29,8.11,210.45,30.00,-3.42,30.00,-2.40,

-77.14,11.76,7.85,210.45,30.00,-7.03,30.00,-4.66,

-77.12,11.12,7.54,213.32,30.00,-10.17,30.00,-6.42,

-77.19,10.40,7.18,213.32,30.00,-13.56,30.00,-8.01,

-77.40,9.70,6.81,213.32,30.00,-14.06,30.00,-7.71,

-77.70,8.92,6.41,213.32,30.00,-17.70,30.00,-9.46,

-78.06,8.04,6.00,213.32,30.00,-25.00,30.00,-12.30,

-78.50,7.09,5.58,213.32,30.00,-30.00,30.00,-14.64,

-79.54,5.11,4.71,213.32,30.00,-30.00,30.00,-17.02,

-80.11,4.17,4.28,213.32,30.00,-30.00,30.00,-15.77,

-80.75,3.41,3.89,213.32,30.00,-24.06,30.00,-11.28,

-81.44,2.68,3.51,213.33,30.00,-22.22,30.00,-10.86,

-82.18,2.02,3.17,213.33,30.00,-18.62,30.00,-9.74,

-82.96,1.39,2.84,213.33,30.00,-17.73,30.00,-9.44,

-83.76,0.82,2.55,213.33,30.00,-15.67,30.00,-8.79,

-84.56,0.36,2.31,213.33,30.00,-11.56,30.00,-6.80,

-85.35,0.08,2.13,215.33,30.00,-6.56,30.00,-3.76,

-87.93,-0.03,1.89,215.33,30.00,0.35,30.00,0.39,

-88.82,0.02,1.88,215.33,30.00,1.12,30.00,0.63,

-89.71,0.03,1.89,215.33,30.00,0.53,30.00,-0.15,

-90.53,0.05,1.90,226.73,30.00,0.61,30.00,-0.17,

-91.33,0.14,1.94,226.73,30.00,2.21,30.00,0.90,

-92.12,0.28,2.00,226.73,30.00,2.99,30.00,1.40,

-93.69,0.66,2.17,226.73,30.00,4.67,30.00,2.29,

-95.78,1.15,2.48,222.71,30.00,3.60,30.00,1.13,

-96.35,1.28,2.58,222.71,30.00,3.84,30.00,1.28,

-96.85,1.39,2.66,222.71,30.00,3.35,30.00,1.00,

-97.31,1.51,2.74,219.90,30.00,3.79,30.00,1.53,

-97.73,1.59,2.80,219.90,30.00,2.76,30.00,0.82,

-98.09,1.51,2.81,219.90,30.00,-0.15,30.00,-1.33,

-98.37,1.37,2.81,219.90,30.00,-1.42,30.00,-2.43,

-98.56,1.15,2.80,219.90,30.00,-2.96,30.00,-3.65,

-98.64,0.96,2.77,217.93,30.00,-2.65,30.00,-3.25,

-98.64,0.59,2.70,217.93,30.00,-2.43,30.00,-2.89,

-98.58,0.38,2.66,217.93,30.00,-3.33,30.00,-3.49,

-98.45,0.14,2.62,217.93,30.00,-4.21,30.00,-4.45,

-98.31,-0.08,2.59,216.55,30.00,-3.59,30.00,-4.17,

-98.07,-0.36,2.57,216.55,30.00,-4.88,30.00,-5.33,

-97.76,-0.56,2.57,216.55,30.00,-3.21,30.00,-4.36,

-97.37,-0.61,2.61,216.55,30.00,-0.37,30.00,-1.96,

-96.93,-0.62,2.65,216.55,30.00,0.48,30.00,-1.09,

-96.44,-0.55,2.72,215.58,30.00,2.00,30.00,-0.10,

-95.92,-0.50,2.77,215.58,30.00,1.67,30.00,-0.20,

-95.32,-0.61,2.79,215.58,30.00,-1.47,30.00,-2.67,

-94.70,-0.67,2.79,215.58,30.00,-0.73,30.00,-1.78,

-93.96,-0.83,2.76,215.58,30.00,-2.99,30.00,-3.48,

-93.14,-1.01,2.71,216.91,30.00,-3.40,30.00,-3.41,

-92.28,-1.17,2.64,216.91,30.00,-3.34,30.00,-3.11,

-91.39,-1.32,2.57,216.91,30.00,-3.34,28.44,-2.92,

-90.46,-1.56,2.48,216.91,25.58,-5.28,22.47,-4.48,

-89.43,-1.77,2.38,216.91,18.80,-4.77,16.95,-3.87,

-88.42,-1.93,2.28,217.84,18.28,-3.93,16.20,-2.90,

-86.22,-2.36,2.05,217.84,12.99,-4.68,10.99,-3.28,

-85.10,-2.48,1.94,217.84,12.92,-3.79,10.84,-2.38,

-83.95,-2.74,1.79,217.84,12.00,-6.79,9.15,-4.50,

-82.74,-2.94,1.65,224.49,9.00,-5.27,6.87,-3.43,

-81.54,-3.10,1.51,224.49,8.85,-4.55,6.60,-2.64,

-80.36,-3.34,1.36,224.49,8.86,-6.36,6.33,-4.07,

-79.13,-3.55,1.22,224.49,7.22,-5.96,4.90,-3.75,

-77.93,-3.69,1.09,224.49,7.09,-4.32,5.05,-2.47,

-75.60,-4.01,0.83,225.14,6.83,-5.89,4.56,-3.70,

-74.46,-4.09,0.71,225.14,7.03,-3.63,4.94,-1.79,

-73.39,-4.16,0.60,225.14,7.77,-3.28,5.81,-1.62,

-72.38,-4.29,0.49,225.14,8.77,-4.34,6.76,-2.64,

-71.39,-4.43,0.39,225.60,8.70,-4.54,6.77,-2.89,

-70.47,-4.43,0.32,225.60,9.42,-1.93,8.12,-0.95,

-69.64,-4.49,0.26,225.60,11.05,-2.82,9.72,-1.87,

-68.83,-4.56,0.20,225.60,10.93,-2.95,9.79,-2.14,

-66.83,-4.63,0.10,227.92,14.14,-2.61,13.33,-2.12,

-66.26,-4.67,0.08,227.92,15.54,-2.28,14.74,-1.85,

-65.78,-4.62,0.06,227.92,17.80,-0.74,17.43,-0.58,

-65.40,-4.63,0.05,227.92,21.29,-1.64,20.82,-1.49,

-65.04,-4.59,0.04,229.54,21.55,-0.89,20.95,-0.70,

-64.79,-4.55,0.02,229.54,30.00,-0.96,30.00,-0.71,

-64.60,-4.51,0.01,229.54,30.00,-0.91,30.00,-0.68,

-64.46,-4.55,-0.03,229.54,30.00,-2.27,30.00,-1.63,

-64.33,-4.58,-0.07,229.54,30.00,-2.13,30.00,-1.53,

-64.25,-4.57,-0.10,224.68,30.00,-1.61,30.00,-1.02,

-64.22,-4.52,-0.13,224.68,30.00,-0.85,30.00,-0.41,

-64.25,-4.44,-0.14,224.68,30.00,-0.24,30.00,0.04,

-64.30,-4.37,-0.15,224.68,30.00,-0.31,30.00,-0.16,

-64.38,-4.35,-0.14,224.68,30.00,-1.14,30.00,-1.21,

-64.49,-4.35,-0.13,221.28,30.00,-1.25,30.00,-1.42,

-64.56,-4.33,-0.10,221.28,30.00,-0.81,30.00,-1.29,

-64.61,-4.24,-0.04,221.28,30.00,0.52,30.00,-0.43,

-64.70,-4.11,0.03,221.28,30.00,1.39,30.00,0.17,

-64.95,-3.71,0.24,216.89,30.00,3.82,30.00,1.65,

-65.12,-3.54,0.36,216.89,30.00,2.79,30.00,0.60,

-65.29,-3.38,0.49,216.89,30.00,2.70,30.00,0.29,

-65.43,-3.26,0.59,216.89,30.00,1.96,30.00,-0.10,

-65.53,-3.14,0.70,216.89,30.00,2.09,30.00,0.00,

-65.64,-2.91,0.88,213.83,30.00,1.92,30.00,0.10,

-65.72,-2.75,0.96,213.83,30.00,2.77,30.00,0.97,

-65.75,-2.65,1.02,213.83,30.00,1.49,30.00,0.16,

-65.67,-2.71,1.11,215.68,30.00,-1.69,30.00,-2.29,

-65.53,-2.77,1.10,215.68,30.00,-1.90,30.00,-2.13,

-65.37,-2.85,1.06,215.68,30.00,-2.61,30.00,-2.25,

-65.21,-2.90,1.00,215.68,30.00,-2.24,30.00,-1.53,

-65.01,-2.99,0.89,212.97,30.00,-3.59,30.00,-1.99,

-64.86,-3.10,0.77,212.97,30.00,-4.14,30.00,-2.12,

-64.66,-3.37,0.60,212.97,30.00,-8.27,30.00,-4.67,

-64.43,-3.66,0.41,212.97,30.00,-9.17,30.00,-5.12,

-64.17,-3.97,0.20,212.97,30.00,-10.10,30.00,-5.35,

-63.50,-4.49,-0.24,213.08,30.00,-7.76,22.48,-3.29,

-63.15,-4.75,-0.45,213.08,30.00,-9.56,21.02,-4.59,

-62.79,-5.03,-0.66,213.08,30.00,-10.05,19.70,-4.87,

-62.39,-5.30,-0.87,213.08,30.00,-10.22,17.69,-5.02,

-61.52,-5.60,-1.24,217.16,27.20,-6.07,16.12,-2.30,

-61.07,-5.78,-1.40,217.16,23.07,-7.31,14.73,-3.44,

-60.57,-5.89,-1.54,217.16,18.91,-5.58,13.09,-2.38,

-59.60,-5.96,-1.75,222.01,16.73,-4.31,12.77,-2.02,

-59.06,-6.01,-1.84,222.01,14.61,-3.84,11.16,-1.64,

-58.56,-5.96,-1.91,222.01,15.18,-2.07,11.94,-0.20,

-58.06,-6.01,-2.02,222.01,15.73,-4.24,11.43,-1.59,

-57.51,-6.07,-2.16,222.01,14.10,-4.65,9.44,-1.46,

-57.00,-6.09,-2.32,225.41,14.99,-4.07,9.75,-0.68,

-56.49,-6.21,-2.54,225.41,15.28,-6.44,8.59,-1.72,

-55.96,-6.36,-2.80,225.41,15.45,-7.69,7.54,-1.84,

-55.43,-6.49,-3.11,225.41,15.87,-7.71,6.83,-1.07,

-54.45,-6.93,-3.85,225.78,17.76,-12.28,5.90,-2.65,

-54.00,-7.13,-4.29,225.78,20.31,-11.41,6.25,-1.36,

-53.56,-7.38,-4.75,225.78,21.38,-13.11,6.03,-1.88,

-53.08,-7.71,-5.27,225.78,20.79,-16.59,4.49,-2.64,

-52.67,-7.98,-5.82,225.78,25.16,-15.90,5.08,-1.65,

-52.27,-8.40,-6.41,228.05,27.21,-22.14,4.59,-3.44,

-51.86,-8.80,-7.02,228.05,26.28,-22.65,4.14,-3.30,

-51.51,-9.14,-7.62,228.05,30.00,-19.98,4.95,-2.27,

-51.20,-9.54,-8.20,228.05,30.00,-23.42,5.62,-3.42,

-50.90,-9.94,-8.77,228.05,30.00,-23.56,5.66,-3.53,

-50.60,-10.33,-9.31,227.63,30.00,-23.15,5.92,-3.82,

-50.34,-10.54,-9.76,227.63,30.00,-14.81,7.18,-1.56,

-50.14,-10.69,-10.14,227.63,30.00,-12.45,8.93,-1.15,

-50.00,-10.77,-10.42,227.63,30.00,-9.44,11.43,-0.71,

-49.84,-10.80,-10.62,227.63,30.00,-7.86,11.68,-0.56,

-49.71,-10.70,-10.73,227.34,30.00,-4.56,13.66,0.64,

-49.65,-10.44,-10.73,227.34,30.00,-0.84,17.52,2.52,

-49.65,-10.20,-10.67,227.34,30.00,-0.56,20.92,1.84,

-49.68,-9.91,-10.55,227.34,30.00,0.72,24.99,2.11,

-49.68,-9.59,-10.39,227.34,30.00,1.52,23.97,2.35,

-49.70,-9.18,-10.19,225.14,30.00,3.68,30.00,3.69,

-49.73,-8.77,-9.97,225.14,30.00,4.11,30.00,3.71,

-49.78,-8.38,-9.75,225.14,30.00,3.82,30.00,3.42,

-49.81,-8.10,-9.54,225.14,30.00,2.01,30.00,1.70,

-49.80,-7.81,-9.32,225.14,25.59,2.36,30.00,1.80,

-49.75,-7.54,-9.11,221.60,25.58,2.20,28.77,1.78,

-49.74,-7.22,-8.89,221.60,28.53,3.33,30.00,2.64,

-49.57,-6.78,-8.52,221.60,20.73,1.24,21.39,1.02,

-49.32,-6.46,-8.20,225.12,19.45,-0.48,19.07,-0.33,

-49.14,-6.36,-8.05,225.12,17.17,-0.67,16.60,-0.41,

-48.95,-6.24,-7.91,225.12,16.91,-0.09,16.37,0.16,

-48.75,-6.18,-7.78,225.12,16.67,-1.28,15.98,-0.95,

-48.48,-6.17,-7.65,225.12,14.19,-1.93,13.42,-1.48,

-48.20,-6.08,-7.52,227.58,13.53,-0.59,13.06,-0.31,

-47.89,-6.09,-7.40,227.58,12.49,-2.38,11.79,-1.92,

-47.15,-6.10,-7.19,227.58,11.36,-2.18,10.30,-1.46,

-46.77,-6.21,-7.10,227.58,10.53,-4.15,9.38,-3.26,

-46.36,-6.32,-7.02,229.31,9.57,-4.17,8.49,-3.30,

-45.98,-6.37,-6.92,229.31,9.79,-3.06,8.95,-2.42,

-45.64,-6.48,-6.82,229.31,10.62,-4.03,9.76,-3.37,

-45.29,-6.59,-6.71,229.31,10.15,-4.10,9.52,-3.62,

-44.96,-6.61,-6.60,229.31,10.39,-2.54,9.95,-2.22,

-44.69,-6.66,-6.49,230.52,11.28,-2.97,10.81,-2.64,

-44.12,-6.81,-6.35,230.52,11.40,-3.43,9.92,-2.36,

-43.89,-6.95,-6.34,230.52,13.11,-5.29,10.43,-3.37,

-43.64,-7.14,-6.37,230.52,12.88,-6.76,9.27,-3.97,

-43.37,-7.27,-6.42,231.36,12.75,-5.95,8.77,-2.93,

-43.17,-7.44,-6.49,231.36,14.55,-6.95,9.65,-3.38,

-42.94,-7.63,-6.58,231.36,14.02,-7.51,8.93,-3.62,

-42.73,-7.77,-6.64,231.36,13.91,-6.46,9.20,-2.99,

-42.55,-7.81,-6.69,231.36,14.64,-4.30,10.34,-1.49,

-42.30,-7.90,-6.70,231.95,14.69,-3.13,11.83,-1.37,

-42.22,-7.89,-6.65,231.95,15.66,-2.77,13.40,-1.49,

-42.14,-7.93,-6.58,231.95,15.36,-3.56,13.82,-2.66,

-42.06,-7.87,-6.46,231.95,14.62,-1.51,14.36,-1.37,

-42.06,-7.79,-6.31,232.37,16.24,-0.88,16.95,-1.21,

-42.07,-7.77,-6.14,232.37,16.34,-1.69,17.74,-2.35,

-42.07,-7.63,-5.94,232.37,15.59,0.37,18.20,-0.81,

-42.12,-7.55,-5.75,232.37,16.79,-0.44,19.67,-1.65,

-42.14,-7.50,-5.55,232.37,15.99,-0.87,18.91,-2.19,

-42.21,-7.21,-5.14,232.66,16.65,0.59,20.46,-0.93,

-42.22,-7.13,-4.96,232.66,15.72,-0.21,18.37,-1.41,

-42.24,-7.01,-4.79,232.66,16.28,0.17,18.51,-0.81,

-42.29,-6.94,-4.66,232.66,17.95,-0.72,19.42,-1.31,

-42.32,-6.90,-4.56,232.86,17.59,-1.42,17.80,-1.51,

-42.33,-6.78,-4.48,232.86,17.02,-0.21,16.88,-0.14,

-42.34,-6.74,-4.45,232.86,18.28,-1.93,16.20,-0.97,

-42.33,-6.76,-4.46,232.86,17.81,-3.05,14.73,-1.49,

-42.28,-6.72,-4.50,232.86,17.32,-2.33,13.75,-0.48,

-42.24,-6.78,-4.55,233.00,17.79,-4.30,13.43,-1.93,

-42.16,-6.81,-4.60,233.00,16.25,-3.59,12.40,-1.36,

-42.09,-6.77,-4.65,233.00,16.43,-2.36,12.71,-0.32,

-42.04,-6.75,-4.65,233.00,16.52,-2.52,13.85,-1.09,

-41.93,-6.80,-4.63,233.00,14.43,-3.37,12.55,-2.21,

-41.78,-6.78,-4.56,231.10,12.71,-1.87,12.07,-1.47,

-41.63,-6.65,-4.46,231.10,12.34,0.01,12.63,-0.16,

-41.48,-6.48,-4.31,231.10,11.70,1.10,13.25,0.16,

-41.25,-6.18,-3.91,231.10,11.84,0.98,15.41,-1.04,

-41.03,-6.02,-3.41,225.77,11.66,0.58,17.27,-2.49,

-40.93,-5.96,-3.12,225.77,11.27,0.76,17.90,-2.85,

-40.82,-5.92,-2.82,225.77,10.78,0.75,17.84,-3.19,

-40.73,-5.87,-2.49,225.77,11.02,1.16,19.47,-3.28,

-40.69,-5.76,-2.14,218.04,12.81,2.34,26.70,-2.82,

-40.64,-5.64,-1.77,218.04,12.14,3.07,27.97,-2.68,

-40.63,-5.47,-1.38,218.04,12.96,4.35,30.00,-2.03,

-40.54,-4.83,-0.59,218.04,10.58,8.73,25.01,1.48,

-40.51,-4.67,-0.29,208.63,15.08,3.98,30.00,-1.58,

-40.68,-4.82,-0.09,208.63,30.00,-2.67,30.00,-6.80,

-40.73,-4.77,0.06,208.63,22.09,0.46,30.00,-2.31,

-40.69,-4.90,0.07,208.63,20.47,-4.27,21.36,-4.59,

-40.81,-5.29,-0.01,208.63,30.00,-11.86,30.00,-9.56,

-40.59,-5.24,-0.13,194.04,20.43,-2.50,14.70,0.04,

-40.69,-5.42,-0.17,194.04,30.00,-7.34,30.00,-6.18,

-40.35,-5.25,0.09,194.04,16.52,-0.85,30.00,-5.91,

-40.08,-5.15,0.34,194.04,9.87,2.65,20.14,-2.83,

-39.92,-5.00,0.67,177.83,15.17,6.08,30.00,-3.26,

-39.86,-4.93,0.96,177.83,23.79,3.30,30.00,-5.00,

-39.64,-4.76,1.15,177.83,15.28,4.96,30.00,-0.67,

-39.38,-4.53,1.38,177.83,12.51,7.56,30.00,0.46,

-39.19,-4.36,1.55,177.83,16.39,4.71,30.00,-0.75,

-39.16,-4.36,1.62,160.48,30.00,-1.15,30.00,-4.37,

-39.14,-4.42,1.59,160.48,30.00,-4.76,30.00,-5.06,

-39.12,-4.55,1.50,160.48,30.00,-9.06,30.00,-6.36,

-39.12,-4.70,1.38,160.48,30.00,-10.38,30.00,-6.55,

-39.11,-4.87,1.27,160.48,30.00,-11.69,30.00,-8.13,

-39.09,-4.91,1.26,160.48,30.00,-4.20,30.00,-4.76,

-39.08,-4.93,1.31,148.34,30.00,-2.96,30.00,-6.10,

-39.02,-4.87,1.43,148.34,30.00,1.17,30.00,-4.20,

-38.87,-4.75,1.56,148.34,30.00,4.46,30.00,-1.86,

-38.61,-4.61,1.67,148.34,30.00,4.36,30.00,-1.08,

-38.32,-4.53,1.74,148.34,25.36,1.43,30.00,-2.40,

-38.06,-4.56,1.76,129.83,30.00,-4.36,30.00,-7.26,

-37.77,-4.70,1.69,129.83,30.00,-8.51,30.00,-8.25,

-37.63,-4.73,1.66,129.83,30.00,-6.24,30.00,-6.16,

-37.34,-4.71,1.64,129.83,30.00,-3.07,30.00,-3.64,

-37.07,-4.79,1.60,112.88,30.00,-14.53,30.00,-14.13,

-36.91,-4.85,1.56,112.88,30.00,-12.53,30.00,-11.72,

-36.72,-4.81,1.56,112.88,30.00,-2.72,30.00,-4.43,

-36.43,-4.82,1.55,112.88,30.00,-6.28,30.00,-8.08,

-36.25,-4.91,1.52,112.88,30.00,-16.02,30.00,-16.63,

-36.09,-4.90,1.51,101.02,30.00,-6.66,30.00,-8.30,

-35.64,-5.00,1.46,101.02,30.00,-30.00,30.00,-30.00,

-35.48,-4.99,1.44,101.02,30.00,-7.62,30.00,-7.88,

-35.23,-5.00,1.42,101.02,30.00,-9.51,30.00,-10.98,

-35.09,-5.10,1.38,88.71,30.00,-30.00,30.00,-30.00,

-34.87,-5.05,1.37,88.71,30.00,-4.21,30.00,-6.69,

-34.68,-5.10,1.36,88.71,30.00,-25.56,30.00,-30.00,

-34.55,-5.17,1.33,88.71,30.00,-30.00,30.00,-30.00,

-34.31,-5.14,1.35,88.71,30.00,-5.01,30.00,-12.00,

-34.20,-5.20,1.35,80.10,30.00,-30.00,30.00,-30.00,

-33.98,-5.16,1.37,80.10,30.00,-4.33,30.00,-13.38,

-33.70,-5.15,1.41,80.10,30.00,-7.96,30.00,-16.78,

-33.60,-5.15,1.44,80.10,30.00,-11.11,30.00,-30.00,

-33.44,-5.16,1.43,80.10,30.00,-16.32,30.00,-22.50,

-33.31,-5.17,1.43,76.07,30.00,-17.67,30.00,-30.00,

-33.16,-5.16,1.41,76.07,30.00,-17.69,30.00,-19.75,

-33.02,-5.16,1.41,76.07,30.00,-17.30,30.00,-30.00,

-32.88,-5.15,1.40,76.07,30.00,-15.48,30.00,-20.64,

-32.60,-5.11,1.41,67.25,30.00,-14.70,30.00,-30.00,

-32.51,-5.08,1.43,67.25,30.00,-9.88,30.00,-30.00,

-32.34,-5.08,1.42,67.25,30.00,-30.00,30.00,-30.00,

-32.27,-5.05,1.43,67.25,30.00,-11.41,30.00,-27.85,

-32.08,-5.05,1.42,67.25,30.00,-30.00,30.00,-30.00,

-32.01,-5.03,1.43,61.07,30.00,-16.96,30.00,-30.00,

-31.82,-5.03,1.44,61.07,30.00,-30.00,30.00,-30.00,

-31.72,-4.99,1.45,61.07,30.00,-9.73,30.00,-30.00,

-31.58,-5.00,1.48,61.07,30.00,-30.00,30.00,-30.00,

-31.42,-4.97,1.50,61.07,30.00,-11.06,30.00,-30.00,

-31.35,-4.93,1.53,54.75,30.00,-9.46,30.00,-30.00,

-31.10,-4.87,1.55,54.75,30.00,-3.61,30.00,-30.00,

-30.96,-4.90,1.56,54.75,30.00,-30.00,30.00,-30.00,

-30.82,-4.87,1.56,54.75,30.00,-24.27,30.00,-30.00,

-30.74,-4.84,1.57,50.33,30.00,-26.63,30.00,-30.00,

-30.56,-4.87,1.55,50.33,30.00,-30.00,30.00,-30.00,

-30.48,-4.81,1.55,50.33,30.00,-5.97,30.00,-30.00,

-30.38,-4.78,1.56,50.33,30.00,-27.67,30.00,-30.00,

-30.22,-4.75,1.57,50.33,30.00,-19.42,30.00,-30.00,

-30.16,-4.70,1.59,45.23,30.00,-9.38,30.00,-30.00,

-30.01,-4.73,1.59,45.23,30.00,-30.00,30.00,-30.00,

-29.79,-4.67,1.60,45.23,30.00,-30.00,30.00,-30.00,

-29.65,-4.70,1.59,45.23,30.00,-30.00,30.00,-30.00,

-29.52,-4.66,1.60,45.23,30.00,-30.00,30.00,-30.00,

-29.43,-4.67,1.61,43.66,30.00,-30.00,30.00,-30.00,

-29.29,-4.68,1.61,43.66,30.00,-30.00,30.00,-30.00,

-29.15,-4.64,1.61,43.66,30.00,-30.00,30.00,-30.00,

-29.05,-4.64,1.62,43.66,30.00,-30.00,30.00,-30.00,

-28.93,-4.64,1.61,43.66,30.00,-30.00,30.00,-30.00,

-28.78,-4.64,1.61,40.56,30.00,-30.00,30.00,-30.00,

-28.56,-4.63,1.60,40.56,30.00,-30.00,30.00,-30.00,

-28.43,-4.65,1.60,40.56,30.00,-30.00,30.00,-30.00,

-28.30,-4.65,1.61,40.56,30.00,-30.00,30.00,-30.00,

-28.09,-4.64,1.61,36.39,30.00,-30.00,30.00,-30.00,

-27.95,-4.64,1.61,36.39,30.00,-30.00,30.00,-30.00,

-27.84,-4.63,1.61,36.39,30.00,-30.00,30.00,-30.00,

-27.75,-4.61,1.60,36.39,30.00,-30.00,30.00,-30.00,

-27.63,-4.61,1.61,36.39,30.00,-30.00,30.00,-30.00,

-27.50,-4.59,1.62,35.48,30.00,-30.00,30.00,-30.00,

-27.41,-4.56,1.61,35.48,30.00,-30.00,30.00,-30.00,

-27.31,-4.55,1.61,35.48,30.00,-30.00,30.00,-30.00,

-27.18,-4.55,1.61,35.48,30.00,-30.00,30.00,-30.00,

-27.07,-4.54,1.62,35.48,30.00,-30.00,30.00,-30.00,

-26.97,-4.52,1.61,35.48,30.00,-30.00,30.00,-30.00,

-26.87,-4.52,1.61,32.83,30.00,-30.00,30.00,-30.00,

-26.75,-4.52,1.62,32.83,30.00,-30.00,30.00,-30.00,

-26.63,-4.52,1.61,32.83,30.00,-30.00,30.00,-30.00,

-26.53,-4.52,1.61,32.83,30.00,-30.00,30.00,-30.00,

-26.41,-4.51,1.61,32.83,30.00,-30.00,30.00,-30.00,

-26.30,-4.51,1.61,28.98,30.00,-30.00,30.00,-30.00,

-26.19,-4.52,1.61,28.98,30.00,-30.00,30.00,-30.00,

-26.07,-4.50,1.61,28.98,30.00,-30.00,30.00,-30.00,

-25.97,-4.49,1.61,28.98,30.00,-30.00,30.00,-30.00,

-25.87,-4.49,1.61,28.98,30.00,-30.00,30.00,-30.00,

-25.76,-4.50,1.61,26.29,30.00,-30.00,30.00,-30.00,

-25.65,-4.50,1.61,26.29,30.00,-30.00,30.00,-30.00,

-25.54,-4.49,1.60,26.29,30.00,-30.00,30.00,-30.00,

-25.44,-4.48,1.61,26.29,30.00,-30.00,30.00,-30.00,

-25.13,-4.47,1.61,24.40,30.00,-30.00,30.00,-30.00,

-25.03,-4.46,1.61,24.40,30.00,-30.00,30.00,-30.00,

-24.93,-4.46,1.61,24.40,30.00,-30.00,30.00,-30.00,

-24.83,-4.45,1.61,24.40,30.00,-30.00,30.00,-30.00,

-24.73,-4.44,1.61,24.40,30.00,-30.00,30.00,-30.00,

-24.63,-4.43,1.62,23.08,30.00,-30.00,30.00,-30.00,

-24.53,-4.43,1.62,23.08,30.00,-30.00,30.00,-30.00,

-24.43,-4.42,1.62,23.08,30.00,-30.00,30.00,-30.00,

-24.33,-4.42,1.62,23.08,30.00,-30.00,30.00,-30.00,

-24.14,-4.41,1.62,22.16,30.00,-30.00,30.00,-30.00,

-24.05,-4.41,1.62,22.16,30.00,-30.00,30.00,-30.00,

-23.95,-4.41,1.62,22.16,30.00,-30.00,30.00,-30.00,

-23.85,-4.41,1.62,22.16,30.00,-30.00,30.00,-30.00,

-23.75,-4.39,1.62,22.16,30.00,-30.00,30.00,-30.00,

-23.66,-4.39,1.62,19.51,30.00,-30.00,30.00,-30.00,

-23.56,-4.39,1.62,19.51,30.00,-30.00,30.00,-30.00,

-23.47,-4.39,1.62,19.51,30.00,-30.00,30.00,-30.00,

-23.38,-4.40,1.62,19.51,30.00,-30.00,30.00,-30.00,

-23.19,-4.40,1.61,17.66,30.00,-30.00,30.00,-30.00,

-23.09,-4.40,1.62,17.66,30.00,-30.00,30.00,-30.00,

-22.99,-4.40,1.61,17.66,30.00,-30.00,30.00,-30.00,

-22.90,-4.39,1.62,17.66,30.00,-30.00,30.00,-30.00,

-22.80,-4.39,1.62,17.66,30.00,-30.00,30.00,-30.00,

-22.71,-4.38,1.62,14.36,30.00,-30.00,30.00,-30.00,

-22.62,-4.38,1.62,14.36,30.00,-30.00,30.00,-30.00,

-22.52,-4.37,1.62,14.36,30.00,-30.00,30.00,-30.00,

-22.43,-4.37,1.62,14.36,30.00,-30.00,30.00,-30.00,

-22.34,-4.36,1.63,14.36,30.00,-30.00,30.00,-30.00,

-22.25,-4.35,1.62,14.36,30.00,-30.00,30.00,-30.00,

-22.16,-4.35,1.62,14.05,30.00,-30.00,30.00,-30.00,

-22.07,-4.34,1.62,14.05,30.00,-30.00,30.00,-30.00,

-21.99,-4.33,1.63,14.05,30.00,-30.00,30.00,-30.00,

-21.90,-4.32,1.63,14.05,30.00,-30.00,30.00,-30.00,

-21.81,-4.32,1.63,14.05,30.00,-30.00,30.00,-30.00,

-21.72,-4.32,1.63,13.84,30.00,-30.00,30.00,-30.00,

-21.63,-4.32,1.62,13.84,30.00,-30.00,30.00,-30.00,

-21.54,-4.32,1.62,13.84,30.00,-30.00,30.00,-30.00,

-21.28,-4.31,1.60,11.69,30.00,-30.00,30.00,-30.00,

-21.19,-4.31,1.59,11.69,30.00,-30.00,30.00,-30.00,

-21.10,-4.31,1.59,11.69,30.00,-30.00,30.00,-30.00,

-21.01,-4.31,1.58,11.69,30.00,-30.00,30.00,-30.00,

-20.93,-4.30,1.58,11.69,30.00,-30.00,30.00,-30.00,

-20.85,-4.29,1.59,10.18,30.00,-30.00,30.00,-30.00,

-20.77,-4.29,1.60,10.18,30.00,-30.00,30.00,-30.00,

-20.69,-4.28,1.60,10.18,30.00,-30.00,30.00,-30.00,

-20.61,-4.28,1.60,10.18,30.00,-30.00,30.00,-30.00,

-20.44,-4.27,1.59,10.18,30.00,-30.00,30.00,-30.00,

-20.36,-4.27,1.59,9.13,30.00,-30.00,30.00,-30.00,

-20.28,-4.26,1.59,9.13,30.00,-30.00,30.00,-30.00,

-20.20,-4.25,1.60,9.13,30.00,-30.00,30.00,-30.00,

-20.12,-4.25,1.60,9.13,30.00,-30.00,30.00,-30.00,

-20.05,-4.24,1.60,9.13,30.00,-30.00,30.00,-30.00,

-19.96,-4.24,1.59,8.39,30.00,-30.00,30.00,-30.00,

-19.88,-4.24,1.59,8.39,30.00,-30.00,30.00,-30.00,

-19.80,-4.23,1.60,8.39,30.00,-30.00,30.00,-30.00,

-19.73,-4.23,1.60,8.39,30.00,-30.00,30.00,-30.00,

-19.65,-4.22,1.60,8.39,30.00,-30.00,30.00,-30.00,

-19.57,-4.21,1.61,7.87,30.00,-30.00,30.00,-30.00,

-19.49,-4.21,1.61,7.87,30.00,-30.00,30.00,-30.00,

-19.42,-4.21,1.61,7.87,30.00,-30.00,30.00,-30.00,

-19.34,-4.21,1.61,7.87,30.00,-30.00,30.00,-30.00,

-19.27,-4.21,1.61,7.87,30.00,-30.00,30.00,-30.00,

-19.19,-4.20,1.62,5.51,30.00,-30.00,30.00,-30.00,

-19.12,-4.20,1.62,5.51,30.00,-30.00,30.00,-30.00,

-19.04,-4.19,1.63,5.51,30.00,-30.00,30.00,-30.00,

-18.97,-4.18,1.63,5.51,30.00,-30.00,30.00,-30.00,

-18.89,-4.19,1.63,5.51,30.00,-30.00,30.00,-30.00,

-18.82,-4.18,1.63,5.86,30.00,-30.00,30.00,-30.00,

-18.74,-4.17,1.63,5.86,30.00,-30.00,30.00,-30.00,

-18.66,-4.17,1.63,5.86,30.00,-30.00,30.00,-30.00,

-18.59,-4.16,1.64,5.86,30.00,-30.00,30.00,-30.00,

-18.52,-4.16,1.63,5.86,30.00,-30.00,30.00,-30.00,

-18.44,-4.16,1.63,5.86,30.00,-30.00,30.00,-30.00,

-18.37,-4.15,1.63,4.10,30.00,-30.00,30.00,-30.00,

-18.30,-4.15,1.63,4.10,30.00,-30.00,30.00,-30.00,

-18.15,-4.14,1.65,4.10,30.00,-30.00,30.00,-30.00,

-18.07,-4.13,1.65,4.10,30.00,-30.00,30.00,-30.00,

-18.00,-4.14,1.63,2.87,30.00,-30.00,30.00,-30.00,

-17.93,-4.14,1.61,2.87,30.00,-30.00,30.00,-30.00,

-17.86,-4.14,1.60,2.87,30.00,-30.00,30.00,-30.00,

-17.79,-4.14,1.61,2.87,30.00,-30.00,30.00,-30.00,

-17.71,-4.13,1.63,2.87,30.00,-30.00,30.00,-30.00,

-17.64,-4.12,1.64,2.01,30.00,-30.00,30.00,-30.00,

-17.57,-4.12,1.64,2.01,30.00,-30.00,30.00,-30.00,

-17.36,-4.12,1.61,2.01,30.00,-30.00,30.00,-30.00,

-17.29,-4.12,1.62,1.41,30.00,-30.00,30.00,-30.00,

-17.23,-4.11,1.63,1.41,30.00,-30.00,30.00,-30.00,

-17.16,-4.10,1.64,1.41,30.00,-30.00,30.00,-30.00,

-17.09,-4.10,1.64,1.41,30.00,-30.00,30.00,-30.00,

-17.02,-4.10,1.63,1.41,30.00,-30.00,30.00,-30.00,

-16.95,-4.10,1.62,0.98,30.00,-30.00,30.00,-30.00,

-16.89,-4.10,1.62,0.98,30.00,-30.00,30.00,-30.00,

-16.82,-4.09,1.62,0.98,30.00,-30.00,30.00,-30.00,

-16.75,-4.08,1.63,0.98,30.00,-30.00,30.00,-30.00,

-16.69,-4.08,1.64,0.98,30.00,-30.00,30.00,-30.00,

-16.62,-4.08,1.64,0.69,30.00,-30.00,30.00,-30.00,

-16.56,-4.08,1.63,0.69,30.00,-30.00,30.00,-30.00,

-16.49,-4.08,1.62,0.69,30.00,-30.00,30.00,-30.00,

-16.43,-4.07,1.62,0.69,30.00,-30.00,30.00,-30.00,

-16.36,-4.07,1.63,0.69,30.00,-30.00,30.00,-30.00,

-16.29,-4.07,1.64,0.48,30.00,-30.00,30.00,-30.00,

-16.23,-4.07,1.64,0.48,30.00,-30.00,30.00,-30.00,

-16.16,-4.06,1.64,0.48,30.00,-30.00,30.00,-30.00,

-16.10,-4.06,1.63,0.48,30.00,-30.00,30.00,-30.00,

-16.03,-4.07,1.62,0.48,30.00,-30.00,30.00,-30.00,

-15.95,-4.08,1.59,0.34,30.00,-30.00,30.00,-30.00,

-15.89,-4.08,1.57,0.34,30.00,-30.00,30.00,-30.00,

-15.81,-4.08,1.58,0.34,30.00,-30.00,30.00,-30.00,

-15.73,-4.07,1.60,0.34,30.00,-30.00,30.00,-30.00,

-15.67,-4.07,1.60,0.34,30.00,-30.00,30.00,-30.00,

-15.63,-4.06,1.57,0.24,30.00,-30.00,30.00,-30.00,

-15.58,-4.09,1.50,0.24,30.00,-30.00,30.00,-30.00,

-15.55,-4.09,1.44,0.24,30.00,-30.00,30.00,-30.00,

-15.46,-4.06,1.38,0.24,30.00,-30.00,30.00,-30.00,

-15.43,-4.02,1.42,0.17,30.00,-30.00,30.00,-30.00,

-15.43,-3.96,1.49,0.17,30.00,30.00,30.00,-30.00,

-15.40,-3.91,1.56,0.17,30.00,30.00,30.00,-30.00,

-15.37,-3.78,1.64,0.17,30.00,30.00,30.00,-30.00,

-15.22,-3.77,1.69,0.12,30.00,-30.00,30.00,-30.00,

-15.15,-3.76,1.70,0.12,30.00,-30.00,30.00,-30.00,

-14.84,-3.90,1.48,0.08,30.00,-30.00,30.00,-30.00,

-14.75,-3.97,1.36,0.08,30.00,-30.00,30.00,-30.00,

-14.67,-4.04,1.21,0.08,30.00,-30.00,30.00,-30.00,

-14.60,-4.12,1.07,0.08,30.00,-30.00,30.00,-30.00,

-14.54,-4.18,0.93,0.08,30.00,-30.00,30.00,-30.00,

-14.48,-4.24,0.80,0.06,30.00,-30.00,30.00,-30.00,

-14.43,-4.27,0.72,0.06,30.00,-30.00,30.00,-30.00,

-14.40,-4.26,0.69,0.06,30.00,-30.00,30.00,-30.00,

-14.33,-4.24,0.74,0.06,30.00,-30.00,30.00,-30.00,

-14.17,-4.19,0.95,0.06,30.00,30.00,30.00,-30.00,

-14.10,-4.16,1.02,0.04,30.00,-30.00,30.00,-30.00,

-14.04,-4.15,1.07,0.04,30.00,-30.00,30.00,-30.00,

-14.03,-4.11,1.09,0.04,30.00,-30.00,30.00,-30.00,

-13.98,-4.10,1.11,0.04,30.00,-30.00,30.00,-30.00,

-13.96,-4.07,1.14,0.04,30.00,-30.00,30.00,-30.00,

-13.89,-4.03,1.24,0.03,30.00,-30.00,30.00,-30.00,

-13.84,-4.02,1.28,0.03,30.00,-30.00,30.00,-30.00,

-13.80,-4.02,1.29,0.03,30.00,-30.00,30.00,-30.00,

-13.75,-4.04,1.28,0.03,30.00,-30.00,30.00,-30.00,

-13.71,-4.05,1.24,0.02,30.00,-30.00,30.00,-30.00,

-13.66,-4.07,1.22,0.02,30.00,-30.00,30.00,-30.00,

-13.59,-4.07,1.24,0.02,30.00,-30.00,30.00,-30.00,

-13.51,-4.07,1.26,0.02,30.00,-30.00,30.00,-30.00,

-13.44,-4.08,1.29,0.02,30.00,-30.00,30.00,-30.00,

-13.37,-4.09,1.29,0.01,30.00,-30.00,30.00,-30.00,

-13.30,-4.09,1.27,0.01,30.00,-30.00,30.00,-30.00,

-13.22,-4.11,1.24,0.01,30.00,-30.00,30.00,-30.00,

-12.95,-4.14,1.22,0.01,30.00,-30.00,30.00,-30.00,

-12.86,-4.16,1.17,0.01,30.00,-30.00,30.00,-30.00,

-12.77,-4.18,1.10,0.01,30.00,-30.00,30.00,-30.00,

-12.66,-4.22,1.01,0.01,30.00,-30.00,30.00,-30.00,

-12.54,-4.27,0.90,0.01,30.00,-30.00,30.00,-30.00,

-12.25,-4.40,0.76,0.01,30.00,-30.00,30.00,-30.00,

-12.13,-4.46,0.64,0.01,30.00,-30.00,30.00,-30.00,

-11.78,-4.70,-0.02,0.01,30.00,-30.00,30.00,-30.00,

-11.65,-4.77,-0.11,0.01,30.00,-30.00,30.00,-30.00,

-11.57,-4.78,-0.11,0.01,30.00,-30.00,30.00,-30.00,

-11.54,-4.76,-0.10,0.01,30.00,-30.00,30.00,-30.00,

-11.49,-4.74,-0.08,0.01,30.00,-30.00,30.00,-30.00,

-11.46,-4.71,-0.01,0.01,30.00,-30.00,30.00,-30.00,

-11.48,-4.64,0.14,0.01,30.00,30.00,30.00,-30.00,

-11.48,-4.58,0.30,0.01,30.00,30.00,30.00,-30.00,

-11.45,-4.57,0.46,0.01,30.00,30.00,30.00,-30.00,

-11.43,-4.51,0.67,0.01,30.00,-30.00,30.00,-30.00,

-11.44,-4.50,0.69,0.01,30.00,-30.00,30.00,-30.00,

-11.44,-4.49,0.71,0.01,30.00,-30.00,30.00,-30.00,

-11.45,-4.48,0.73,0.01,30.00,-30.00,30.00,-30.00,

-11.44,-4.47,0.74,0.01,30.00,-30.00,30.00,-30.00,

-11.44,-4.44,0.80,0.01,30.00,-30.00,30.00,-30.00,

-11.43,-4.39,0.88,0.01,30.00,30.00,30.00,-30.00,

-11.37,-4.34,0.98,0.01,30.00,30.00,30.00,-30.00,

-11.29,-4.31,1.06,0.01,30.00,-30.00,30.00,-30.00,

-11.24,-4.29,1.07,0.01,30.00,-30.00,30.00,-30.00,

-11.08,-4.31,0.86,0.01,30.00,-30.00,30.00,-30.00,

-11.00,-4.33,0.70,0.01,30.00,-30.00,30.00,-30.00,

-10.91,-4.36,0.50,0.01,30.00,-30.00,30.00,-30.00,

-10.85,-4.41,0.26,0.01,30.00,-30.00,30.00,-30.00,

-10.76,-4.51,-0.06,0.01,30.00,-30.00,-30.00,-30.00,

-10.66,-4.56,-0.30,0.01,30.00,-30.00,-30.00,-30.00,

-10.64,-4.51,-0.29,0.01,30.00,-30.00,30.00,-30.00,

-10.61,-4.45,-0.13,0.01,30.00,30.00,30.00,-30.00,

-10.46,-4.30,0.26,0.01,30.00,30.00,30.00,-30.00,

-10.85,-4.02,0.52,0.01,30.00,30.00,30.00,30.00,

-10.99,-3.81,0.72,0.01,30.00,30.00,30.00,-30.00,

-11.15,-3.87,0.98,0.01,30.00,30.00,30.00,-30.00,

