0.0103934932
0.65550587
1.68098096
2.27475123
2.85829142
3.21936198
3.75735981
4.19451518
4.40633174
5.8042218
6.11833053
6.59987156
7.0625914
8.20409416
8.75053923
9.54521196
9.99750501
10.1773162
10.7630808
10.7795267
10.706502
11.4045677
11.6672557
11.8181573
11.8761243
12.0775692
11.7709769
11.5627024
11.6761329
11.2607706
11.2996338
11.7748105
11.6600437
11.4203909
11.2912276
11.2296043
11.734017
11.9361471
11.8321516
11.9142452
11.9125558
11.5164033
10.6112634
10.2658625
9.74174638
9.51043865
9.19679341
8.6079615
8.05336522
7.48198555
6.8090412
6.25625285
5.48988401
5.19198015
5.19592084
5.78850827
