-0.801543057
-0.978645522
-1.06073322
-1.25052734
-1.2416835
-1.30300792
-1.38768085
-1.51020984
-1.85060033
-2.16151339
-2.29129832
-2.51563267
-2.74386026
-3.26519148
-3.41360099
-3.66378759
-3.86102964
-4.05827897
-4.54251992
-4.75158305
-4.94894514
-5.46119767
-5.76870256
-5.99246682
-6.21981949
-6.58316468
-6.80125901
-6.91322927
-7.28458177
-7.83526364
-7.82641437
-8.28337164
-8.34495453
-8.46859858
-8.81373928
-9.12181994
-9.93323834
-10.2954852
-10.506931
-10.733068
-10.8210355
-10.8132551
-10.3571374
-10.3336069
-10.0735438
-10.0396265
-9.93578426
-9.75242914
-9.52088787
-9.26393182
-8.88198488
-8.72554443
-8.36029604
-8.90864996
-9.28345562
-10.0997749
