-5.22,-0.48,1.95,0.01,
-5.22,-0.48,1.95,0.01,
-5.22,-0.48,1.95,0.01,
-5.22,-0.48,1.95,0.01,
-5.22,-0.48,1.95,0.01,
-5.22,-0.48,1.95,0.01,
-5.22,-0.48,1.95,0.01,
-5.22,-0.48,1.95,0.01,
-5.22,-0.48,1.95,0.01,
-5.22,-0.48,1.95,0.01,
-5.22,-0.48,1.95,0.01,
-5.22,-0.48,1.95,0.01,
-5.22,-0.48,1.95,0.01,
-5.22,-0.48,1.96,0.01,
-5.22,-0.48,1.96,0.01,
-5.22,-0.48,1.96,0.01,
-5.22,-0.48,1.96,0.01,
-5.23,-0.48,1.96,0.01,
-5.23,-0.48,1.96,0.01,
-5.23,-0.48,1.96,0.01,
-5.23,-0.48,1.96,0.01,
-5.23,-0.48,1.96,0.01,
-5.23,-0.48,1.96,0.01,
-5.23,-0.48,1.96,0.01,
-5.23,-0.48,1.96,0.01,
-5.23,-0.48,1.96,0.01,
-5.23,-0.48,1.96,0.01,
-5.23,-0.48,1.96,0.01,
-5.23,-0.48,1.97,0.01,
-5.23,-0.48,1.97,0.01,
-5.23,-0.48,1.97,0.01,
-5.23,-0.48,1.97,0.01,
-5.23,-0.48,1.97,0.01,
-5.23,-0.48,1.97,0.01,
-5.23,-0.48,1.97,0.01,
-5.23,-0.48,1.97,0.01,
-5.23,-0.48,1.97,0.01,
-5.23,-0.48,1.97,0.01,
-5.23,-0.48,1.97,0.01,
-5.23,-0.48,1.97,0.01,
-5.23,-0.48,1.97,0.01,
-5.23,-0.48,1.97,0.01,
-5.23,-0.48,1.97,0.01,
-5.23,-0.48,1.97,0.01,
-5.23,-0.48,1.97,0.01,
-5.23,-0.48,1.97,0.01,
-5.23,-0.48,1.97,0.01,
-5.23,-0.48,1.97,0.01,
-5.23,-0.48,1.98,0.01,
-5.23,-0.48,1.98,0.01,
-5.23,-0.48,1.98,0.01,
-5.23,-0.48,1.98,0.01,
-5.23,-0.48,1.98,0.01,
-5.23,-0.48,1.98,0.01,
-5.23,-0.48,1.98,0.01,
-5.23,-0.48,1.98,0.01,
-5.23,-0.48,1.98,0.01,
-5.23,-0.48,1.98,0.01,
-5.23,-0.48,1.98,0.01,
-5.23,-0.48,1.98,0.01,
-5.23,-0.48,1.98,0.01,
-5.23,-0.49,1.99,0.01,
-5.23,-0.49,1.99,0.01,
-5.23,-0.49,1.99,0.01,
-5.23,-0.48,1.99,0.01,
-5.23,-0.48,1.99,0.01,
-5.23,-0.48,1.99,0.01,
-5.23,-0.48,1.99,0.01,
-5.23,-0.48,1.99,0.01,
-5.23,-0.48,1.99,0.01,
-5.23,-0.49,1.99,0.01,
-5.23,-0.49,1.99,0.01,
-5.23,-0.49,1.99,0.01,
-5.23,-0.49,2.00,0.01,
-5.23,-0.49,2.00,0.01,
-5.23,-0.49,2.00,0.01,
-5.23,-0.49,2.00,0.01,
-5.23,-0.49,2.00,0.01,
-5.23,-0.49,2.00,0.01,
-5.23,-0.49,2.00,0.01,
-5.23,-0.49,2.00,0.01,
-5.23,-0.49,2.00,0.01,
-5.23,-0.48,2.00,0.01,
-5.23,-0.48,2.00,0.01,
-5.23,-0.48,2.00,0.01,
-5.23,-0.49,2.00,0.01,
-5.23,-0.48,2.00,0.01,
-5.23,-0.49,2.00,0.01,
-5.23,-0.49,2.01,0.01,
-5.23,-0.49,2.01,0.01,
-5.23,-0.49,2.01,0.01,
-5.23,-0.49,2.01,0.01,
-5.23,-0.49,2.01,0.01,
-5.23,-0.49,2.01,0.01,
-5.23,-0.49,2.01,0.01,
-5.23,-0.49,2.01,0.01,
-5.23,-0.49,2.01,0.01,
-5.23,-0.49,2.01,0.01,
-5.23,-0.49,2.01,0.01,
-5.23,-0.49,2.01,0.01,
-5.23,-0.49,2.01,0.01,
-5.23,-0.49,2.01,0.01,
-5.23,-0.49,2.01,0.01,
-5.23,-0.49,2.01,0.01,
-5.23,-0.49,2.01,0.01,
-5.23,-0.49,2.01,0.01,
-5.23,-0.49,2.02,0.01,
-5.23,-0.49,2.02,0.01,
-5.23,-0.49,2.02,0.01,
-5.23,-0.49,2.02,0.01,
-5.23,-0.49,2.02,0.01,
-5.23,-0.49,2.02,0.01,
-5.23,-0.49,2.02,0.01,
-5.23,-0.49,2.02,0.01,
-5.23,-0.49,2.02,0.01,
-5.23,-0.49,2.02,0.01,
-5.23,-0.49,2.02,0.01,
-5.23,-0.49,2.02,0.01,
-5.23,-0.49,2.02,0.01,
-5.23,-0.49,2.02,0.01,
-5.23,-0.49,2.02,0.01,
-5.23,-0.49,2.02,0.01,
-5.23,-0.49,2.02,0.01,
-5.23,-0.49,2.02,0.01,
-5.23,-0.49,2.02,0.01,
-5.23,-0.49,2.02,0.01,
-5.23,-0.49,2.02,0.01,
-5.23,-0.49,2.02,0.01,
-5.23,-0.49,2.02,0.01,
-5.23,-0.49,2.02,0.01,
-5.23,-0.49,2.02,0.01,
-5.23,-0.49,2.02,0.01,
-5.23,-0.49,2.03,0.01,
-5.23,-0.49,2.03,0.01,
-5.23,-0.49,2.03,0.01,
-5.23,-0.49,2.03,0.01,
-5.23,-0.49,2.03,0.01,
-5.23,-0.49,2.03,0.01,
-5.23,-0.49,2.03,0.01,
-5.23,-0.49,2.03,0.01,
-5.23,-0.49,2.03,0.01,
-5.23,-0.49,2.03,0.01,
-5.23,-0.49,2.03,0.01,
-5.23,-0.49,2.03,0.01,
-5.23,-0.49,2.03,0.01,
-5.23,-0.49,2.03,0.01,
-5.23,-0.49,2.04,0.01,
-5.23,-0.49,2.03,0.01,
-5.23,-0.49,2.03,0.01,
-5.23,-0.49,2.04,0.01,
-5.23,-0.49,2.04,0.01,
-5.23,-0.49,2.04,0.01,
-5.23,-0.49,2.04,0.01,
-5.23,-0.49,2.04,0.01,
-5.23,-0.49,2.04,0.01,
-5.23,-0.49,2.04,0.01,
-5.23,-0.49,2.04,0.01,
-5.23,-0.49,2.04,0.01,
-5.23,-0.49,2.04,0.01,
-5.23,-0.49,2.04,0.01,
-5.23,-0.49,2.04,0.01,
-5.23,-0.49,2.04,0.01,
-5.23,-0.49,2.04,0.01,
-5.23,-0.49,2.04,0.01,
-5.23,-0.49,2.04,0.01,
-5.23,-0.49,2.04,0.01,
-5.23,-0.49,2.05,0.01,
-5.23,-0.49,2.05,0.01,
-5.23,-0.49,2.05,0.01,
-5.23,-0.49,2.05,0.01,
-5.23,-0.49,2.05,0.01,
-5.23,-0.49,2.05,0.01,
-5.23,-0.49,2.05,0.01,
-5.23,-0.49,2.05,0.01,
-5.23,-0.49,2.05,0.01,
-5.23,-0.49,2.05,0.01,
-5.23,-0.49,2.05,0.01,
-5.23,-0.49,2.05,0.01,
-5.23,-0.49,2.05,0.01,
-5.23,-0.49,2.05,0.01,
-5.23,-0.49,2.05,0.01,
-5.23,-0.49,2.05,0.01,
-5.23,-0.49,2.05,0.01,
-5.23,-0.49,2.05,0.01,
-5.23,-0.49,2.05,0.01,
-5.23,-0.49,2.05,0.01,
-5.23,-0.49,2.05,0.01,
-5.23,-0.49,2.05,0.01,
-5.23,-0.49,2.06,0.01,
-5.23,-0.49,2.06,0.01,
-5.23,-0.49,2.06,0.01,
-5.23,-0.49,2.06,0.01,
-5.23,-0.49,2.06,0.01,
-5.23,-0.49,2.06,0.01,
-5.23,-0.49,2.06,0.01,
-5.23,-0.49,2.06,0.01,
-5.23,-0.49,2.06,0.01,
-5.23,-0.49,2.06,0.01,
-5.23,-0.49,2.06,0.01,
-5.23,-0.49,2.06,0.01,
-5.23,-0.49,2.06,0.01,
-5.23,-0.49,2.06,0.01,
-5.23,-0.49,2.06,0.01,
-5.23,-0.49,2.06,0.01,
-5.23,-0.49,2.06,0.01,
-5.23,-0.49,2.06,0.01,
-5.23,-0.49,2.06,0.01,
-5.23,-0.49,2.06,0.01,
-5.23,-0.49,2.06,0.01,
-5.23,-0.49,2.06,0.01,
-5.23,-0.49,2.06,0.01,
-5.23,-0.49,2.06,0.01,
-5.23,-0.49,2.06,0.01,
-5.23,-0.49,2.06,0.01,
-5.23,-0.49,2.06,0.01,
-5.23,-0.49,2.07,0.01,
-5.23,-0.49,2.07,0.01,
-5.23,-0.49,2.07,0.01,
-5.23,-0.49,2.07,0.01,
-5.23,-0.49,2.07,0.01,
-5.23,-0.49,2.07,0.01,
-5.23,-0.49,2.07,0.01,
-5.23,-0.49,2.07,0.01,
-5.23,-0.49,2.07,0.01,
-5.23,-0.49,2.07,0.01,
-5.23,-0.49,2.07,0.01,
-5.23,-0.49,2.07,0.01,
-5.23,-0.49,2.07,0.01,
-5.23,-0.49,2.08,0.01,
-5.23,-0.49,2.08,0.01,
-5.22,-0.49,2.08,0.01,
-5.22,-0.49,2.08,0.01,
-5.22,-0.49,2.08,0.01,
-5.22,-0.49,2.08,0.01,
-5.22,-0.49,2.08,0.01,
-5.23,-0.49,2.08,0.01,
-5.22,-0.49,2.08,0.01,
-5.23,-0.49,2.08,0.01,
-5.23,-0.49,2.08,0.01,
-5.23,-0.49,2.08,0.01,
-5.23,-0.49,2.08,0.01,
-5.23,-0.49,2.08,0.01,
-5.23,-0.49,2.09,0.01,
-5.23,-0.49,2.09,0.01,
-5.23,-0.49,2.09,0.01,
-5.23,-0.49,2.09,0.01,
-5.23,-0.49,2.09,0.01,
-5.23,-0.49,2.09,0.01,
-5.23,-0.49,2.09,0.01,
-5.23,-0.49,2.09,0.01,
-5.23,-0.49,2.09,0.01,
-5.23,-0.49,2.09,0.01,
-5.23,-0.49,2.09,0.01,
-5.22,-0.49,2.09,0.01,
-5.22,-0.49,2.09,0.01,
-5.22,-0.49,2.09,0.01,
-5.22,-0.49,2.09,0.01,
-5.22,-0.49,2.10,0.01,
-5.22,-0.49,2.10,0.01,
-5.22,-0.49,2.10,0.01,
-5.22,-0.49,2.10,0.01,
-5.22,-0.49,2.10,0.01,
-5.23,-0.49,2.10,0.01,
-5.23,-0.49,2.10,0.01,
-5.23,-0.49,2.10,0.01,
-5.23,-0.49,2.10,0.01,
-5.23,-0.49,2.10,0.01,
-5.23,-0.49,2.10,0.01,
-5.22,-0.49,2.10,0.01,
-5.22,-0.49,2.11,0.01,
-5.22,-0.49,2.11,0.01,
-5.22,-0.49,2.11,0.01,
-5.22,-0.49,2.11,0.01,
-5.22,-0.49,2.11,0.01,
-5.22,-0.49,2.11,0.01,
-5.22,-0.49,2.11,0.01,
-5.22,-0.49,2.11,0.01,
-5.22,-0.49,2.11,0.01,
-5.22,-0.49,2.11,0.01,
-5.22,-0.49,2.11,0.01,
-5.22,-0.49,2.11,0.01,
-5.22,-0.49,2.11,0.01,
-5.22,-0.49,2.12,0.01,
-5.22,-0.49,2.12,0.01,
-5.22,-0.49,2.12,0.01,
-5.22,-0.49,2.12,0.01,
-5.22,-0.49,2.12,0.01,
-5.22,-0.49,2.12,0.01,
-5.22,-0.49,2.12,0.01,
-5.22,-0.49,2.12,0.01,
-5.22,-0.49,2.12,0.01,
-5.22,-0.49,2.12,0.01,
-5.22,-0.49,2.12,0.01,
-5.22,-0.49,2.12,0.01,
-5.22,-0.49,2.12,0.01,
-5.22,-0.49,2.13,0.01,
-5.22,-0.49,2.13,0.01,
-5.22,-0.49,2.13,0.01,
-5.22,-0.49,2.13,0.01,
-5.22,-0.49,2.13,0.01,
-5.22,-0.49,2.13,0.01,
-5.22,-0.49,2.13,0.01,
-5.22,-0.49,2.13,0.01,
-5.22,-0.49,2.13,0.01,
-5.21,-0.49,2.13,0.01,
-5.21,-0.49,2.13,0.01,
-5.21,-0.49,2.13,0.01,
-5.21,-0.49,2.13,0.01,
-5.21,-0.49,2.13,0.01,
-5.21,-0.49,2.13,0.01,
-5.21,-0.49,2.13,0.01,
-5.21,-0.49,2.14,0.01,
-5.21,-0.49,2.14,0.01,
-5.21,-0.49,2.14,0.01,
-5.21,-0.49,2.14,0.01,
-5.21,-0.49,2.14,0.01,
-5.21,-0.49,2.14,0.01,
-5.21,-0.49,2.14,0.01,
-5.21,-0.49,2.14,0.01,
-5.21,-0.49,2.14,0.01,
-5.21,-0.49,2.14,0.01,
-5.21,-0.49,2.14,0.01,
-5.21,-0.49,2.15,0.01,
-5.21,-0.49,2.15,0.01,
-5.21,-0.49,2.15,0.01,
-5.21,-0.49,2.15,0.01,
-5.21,-0.49,2.15,0.01,
-5.21,-0.49,2.15,0.01,
-5.21,-0.49,2.15,0.01,
-5.21,-0.49,2.15,0.01,
-5.21,-0.49,2.15,0.01,
-5.21,-0.49,2.15,0.01,
-5.21,-0.49,2.15,0.01,
-5.21,-0.49,2.15,0.01,
-5.21,-0.49,2.15,0.01,
-5.21,-0.49,2.15,0.01,
-5.21,-0.49,2.15,0.01,
-5.21,-0.48,2.15,0.01,
-5.21,-0.48,2.16,0.01,
-5.20,-0.48,2.15,0.01,
-5.20,-0.48,2.15,0.01,
-5.20,-0.48,2.15,0.01,
-5.20,-0.48,2.15,0.01,
-5.20,-0.47,2.16,0.01,
-5.20,-0.47,2.16,0.01,
-5.20,-0.48,2.15,0.01,
-5.20,-0.48,2.15,0.01,
-5.20,-0.47,2.16,0.01,
-5.20,-0.48,2.16,0.01,
-5.20,-0.47,2.16,0.01,
-5.20,-0.47,2.16,0.01,
-5.20,-0.46,2.16,0.01,
-5.20,-0.46,2.16,0.01,
-5.20,-0.46,2.17,0.01,
-5.20,-0.46,2.16,0.01,
-5.20,-0.46,2.16,0.01,
-5.20,-0.46,2.17,0.01,
-5.20,-0.46,2.17,0.01,
-5.20,-0.46,2.17,0.01,
-5.20,-0.46,2.17,0.01,
-5.20,-0.46,2.17,0.01,
-5.20,-0.46,2.17,0.01,
-5.20,-0.46,2.17,0.01,
-5.20,-0.46,2.17,0.01,
-5.20,-0.46,2.17,0.01,
-5.20,-0.46,2.17,0.01,
-5.20,-0.46,2.17,0.01,
-5.20,-0.46,2.17,0.01,
-5.20,-0.46,2.17,0.01,
-5.20,-0.46,2.17,0.01,
-5.20,-0.46,2.17,0.01,
-5.20,-0.46,2.17,0.01,
-5.20,-0.46,2.17,0.01,
-5.20,-0.46,2.17,0.01,
-5.20,-0.46,2.17,0.01,
-5.20,-0.46,2.17,0.01,
-5.19,-0.46,2.17,0.01,
-5.19,-0.46,2.17,0.01,
-5.19,-0.46,2.17,0.01,
-5.19,-0.47,2.17,0.01,
-5.19,-0.47,2.17,0.01,
-5.19,-0.47,2.17,0.01,
-5.19,-0.47,2.18,0.01,
-5.19,-0.47,2.18,0.01,
-5.19,-0.47,2.18,0.01,
-5.19,-0.47,2.18,0.01,
-5.19,-0.47,2.18,0.01,
-5.19,-0.47,2.18,0.01,
-5.19,-0.47,2.18,0.01,
-5.18,-0.47,2.18,0.01,
-5.18,-0.47,2.18,0.01,
-5.18,-0.47,2.18,0.01,
-5.18,-0.47,2.18,0.01,
-5.18,-0.47,2.18,0.01,
-5.18,-0.47,2.18,0.01,
-5.18,-0.47,2.19,0.01,
-5.18,-0.47,2.18,0.01,
-5.18,-0.47,2.18,0.01,
-5.18,-0.47,2.18,0.01,
-5.18,-0.47,2.18,0.01,
-5.18,-0.47,2.19,0.01,
-5.18,-0.47,2.19,0.01,
-5.18,-0.47,2.19,0.01,
-5.18,-0.47,2.19,0.01,
-5.18,-0.48,2.19,0.01,
-5.18,-0.47,2.19,0.01,
-5.18,-0.47,2.19,0.01,
-5.18,-0.47,2.19,0.01,
-5.18,-0.47,2.19,0.01,
-5.18,-0.47,2.19,0.01,
-5.18,-0.47,2.19,0.01,
-5.18,-0.47,2.19,0.01,
-5.18,-0.47,2.19,0.01,
-5.18,-0.47,2.19,0.01,
-5.18,-0.47,2.19,0.01,
-5.18,-0.47,2.19,0.01,
-5.18,-0.47,2.20,0.01,
-5.18,-0.47,2.20,0.01,
-5.18,-0.47,2.20,0.01,
-5.18,-0.47,2.20,0.01,
-5.18,-0.47,2.20,0.01,
-5.19,-0.47,2.20,0.01,
-5.19,-0.47,2.20,0.01,
-5.19,-0.47,2.20,0.01,
-5.19,-0.47,2.20,0.01,
-5.19,-0.47,2.20,0.01,
-5.19,-0.47,2.20,0.01,
-5.19,-0.47,2.20,0.01,
-5.19,-0.47,2.20,0.01,
-5.19,-0.47,2.20,0.01,
-5.19,-0.47,2.21,0.01,
-5.19,-0.47,2.21,0.01,
-5.19,-0.47,2.21,0.01,
-5.19,-0.47,2.21,0.01,
-5.19,-0.47,2.21,0.01,
-5.19,-0.47,2.21,0.01,
-5.19,-0.47,2.21,0.01,
-5.19,-0.47,2.21,0.01,
-5.19,-0.47,2.21,0.01,
-5.19,-0.47,2.21,0.01,
-5.19,-0.47,2.21,0.01,
-5.19,-0.47,2.21,0.01,
-5.19,-0.47,2.21,0.01,
-5.19,-0.47,2.21,0.01,
-5.19,-0.47,2.21,0.01,
-5.19,-0.47,2.21,0.01,
-5.19,-0.47,2.21,0.01,
-5.19,-0.47,2.21,0.01,
-5.19,-0.47,2.22,0.01,
-5.19,-0.47,2.22,0.01,
-5.19,-0.47,2.22,0.01,
-5.19,-0.47,2.22,0.01,
-5.19,-0.47,2.22,0.01,
-5.19,-0.47,2.22,0.01,
-5.19,-0.47,2.22,0.01,
-5.19,-0.47,2.22,0.01,
-5.19,-0.47,2.22,0.01,
-5.19,-0.47,2.22,0.01,
-5.19,-0.47,2.22,0.01,
-5.19,-0.47,2.22,0.01,
-5.20,-0.47,2.22,0.01,
-5.20,-0.47,2.23,0.01,
-5.20,-0.47,2.23,0.01,
-5.20,-0.47,2.23,0.01,
-5.20,-0.47,2.23,0.01,
-5.20,-0.47,2.23,0.01,
-5.20,-0.47,2.23,0.01,
-5.20,-0.47,2.23,0.01,
-5.20,-0.47,2.23,0.01,
-5.20,-0.47,2.23,0.01,
-5.20,-0.47,2.23,0.01,
-5.20,-0.47,2.23,0.01,
-5.20,-0.47,2.23,0.01,
-5.20,-0.47,2.23,0.01,
-5.20,-0.47,2.23,0.01,
-5.20,-0.47,2.23,0.01,
-5.20,-0.47,2.23,0.01,
-5.20,-0.47,2.23,0.01,
-5.20,-0.47,2.23,0.01,
-5.20,-0.47,2.24,0.01,
-5.20,-0.47,2.24,0.01,
-5.20,-0.47,2.24,0.01,
-5.20,-0.47,2.24,0.01,
-5.20,-0.47,2.24,0.01,
-5.20,-0.47,2.24,0.01,
-5.20,-0.47,2.24,0.01,
-5.20,-0.47,2.24,0.01,
-5.20,-0.47,2.24,0.01,
-5.20,-0.47,2.24,0.01,
-5.19,-0.47,2.24,0.01,
-5.20,-0.47,2.24,0.01,
-5.20,-0.47,2.24,0.01,
-5.20,-0.47,2.24,0.01,
-5.19,-0.47,2.24,0.01,
-5.19,-0.47,2.25,0.01,
-5.19,-0.47,2.25,0.01,
-5.19,-0.47,2.25,0.01,
-5.19,-0.47,2.25,0.01,
-5.19,-0.47,2.25,0.01,
-5.19,-0.47,2.25,0.01,
-5.19,-0.47,2.25,0.01,
-5.19,-0.47,2.25,0.01,
-5.19,-0.47,2.25,0.01,
-5.20,-0.47,2.25,0.01,
-5.19,-0.47,2.25,0.01,
-5.19,-0.48,2.25,0.01,
-5.19,-0.47,2.25,0.01,
-5.19,-0.47,2.25,0.01,
-5.19,-0.48,2.25,0.01,
-5.19,-0.47,2.25,0.01,
-5.19,-0.47,2.25,0.01,
-5.19,-0.47,2.25,0.01,
-5.19,-0.47,2.25,0.01,
-5.19,-0.48,2.25,0.01,
-5.19,-0.47,2.25,0.01,
-5.19,-0.47,2.25,0.01,
-5.19,-0.47,2.26,0.01,
-5.19,-0.47,2.26,0.01,
-5.19,-0.48,2.26,0.01,
-5.19,-0.48,2.26,0.01,
-5.19,-0.49,2.27,0.01,
-5.19,-0.48,2.29,0.01,
-5.17,-0.46,2.28,0.01,
-5.20,-0.48,2.19,0.01,
-5.23,-0.49,2.12,0.01,
-5.20,-0.50,2.16,0.01,
-5.20,-0.48,2.23,0.01,
-5.15,-0.49,2.46,0.01,
-5.16,-0.50,2.36,0.01,
-5.17,-0.48,2.24,0.01,
-5.22,-0.49,2.18,0.01,
-5.17,-0.45,2.35,0.01,
-5.16,-0.46,2.52,0.01,
-5.14,-0.47,2.45,0.01,
-5.17,-0.50,2.29,0.01,
-5.19,-0.47,2.15,2.01,
-5.19,-0.48,2.22,2.01,
-5.18,-0.46,2.45,2.01,
-5.15,-0.46,2.49,2.01,
-5.18,-0.48,2.29,2.01,
-5.16,-0.48,2.17,1.40,
-5.19,-0.51,2.36,1.40,
-5.15,-0.43,2.41,1.40,
-5.11,-0.46,2.35,1.40,
-5.15,-0.43,2.21,1.40,
-5.15,-0.46,2.21,4.98,
-5.15,-0.45,2.41,4.98,
-5.13,-0.45,2.34,4.98,
-5.15,-0.41,2.23,4.98,
-5.11,-0.37,2.09,4.98,
-5.11,-0.41,2.32,3.49,
-5.07,-0.39,2.29,3.49,
-5.11,-0.45,2.18,3.49,
-5.13,-0.38,2.12,3.49,
-5.13,-0.46,2.15,3.49,
-5.11,-0.40,2.33,4.44,
-5.12,-0.42,2.45,4.44,
-5.12,-0.44,2.26,4.44,
-5.14,-0.41,2.15,4.44,
-5.15,-0.41,2.12,3.11,
-5.12,-0.38,2.29,3.11,
-5.10,-0.41,2.35,3.11,
-5.15,-0.43,2.24,3.11,
-5.20,-0.48,2.34,4.18,
-5.17,-0.42,2.52,4.18,
-5.15,-0.46,2.44,4.18,
-5.22,-0.51,2.48,4.18,
-5.24,-0.53,2.41,4.18,
-5.21,-0.51,2.43,2.92,
-5.24,-0.47,2.47,2.92,
-5.18,-0.48,2.48,2.92,
-5.20,-0.50,2.35,2.92,
-5.20,-0.50,2.24,2.92,
-5.27,-0.50,2.17,8.05,
-5.26,-0.49,2.17,8.05,
-5.26,-0.51,2.20,8.05,
-5.23,-0.47,2.21,8.05,
-5.27,-0.55,2.21,8.05,
-5.22,-0.47,2.22,21.63,
-5.21,-0.51,2.25,21.63,
-5.23,-0.56,2.27,21.63,
-5.23,-0.54,2.27,21.63,
-5.22,-0.49,2.27,21.63,
-5.23,-0.54,2.28,37.14,
-5.23,-0.58,2.28,37.14,
-5.25,-0.63,2.27,37.14,
-5.28,-0.58,2.27,37.14,
-5.29,-0.48,2.29,37.14,
-5.28,-0.37,2.31,52.00,
-5.27,-0.30,2.33,52.00,
-5.26,-0.31,2.35,52.00,
-5.25,-0.40,2.35,52.00,
-5.23,-0.53,2.34,52.00,
-5.21,-0.65,2.32,52.00,
-5.22,-0.74,2.30,70.40,
-5.25,-0.80,2.27,70.40,
-5.30,-0.85,2.24,70.40,
-5.32,-0.92,2.21,70.40,
-5.35,-1.00,2.18,70.40,
-5.38,-1.07,2.18,79.28,
-5.42,-1.14,2.16,79.28,
-5.46,-1.22,2.13,79.28,
-5.49,-1.30,2.11,79.28,
-5.53,-1.37,2.08,79.28,
-5.56,-1.46,2.06,85.50,
-5.59,-1.55,2.03,85.50,
-5.58,-1.65,2.00,85.50,
-5.55,-1.74,1.97,85.50,
-5.53,-1.82,1.94,85.50,
-5.50,-1.88,1.91,89.85,
-5.43,-1.96,1.85,89.85,
-5.38,-1.96,1.84,89.85,
-5.33,-1.94,1.83,89.85,
-5.30,-1.83,1.84,94.89,
-5.28,-1.71,1.87,94.89,
-5.27,-1.58,1.90,94.89,
-5.28,-1.46,1.94,94.89,
-5.29,-1.36,1.97,94.89,
-5.31,-1.28,2.00,94.89,
-5.35,-1.23,2.03,104.43,
-5.38,-1.22,2.06,104.43,
-5.42,-1.25,2.08,104.43,
-5.46,-1.30,2.09,104.43,
-5.48,-1.41,2.06,104.43,
-5.48,-1.51,2.04,105.10,
-5.45,-1.59,2.01,105.10,
-5.41,-1.65,1.98,105.10,
-5.36,-1.66,1.94,105.10,
-5.32,-1.61,1.91,105.10,
-5.27,-1.50,1.90,105.57,
-5.26,-1.38,1.91,105.57,
-5.26,-1.26,1.92,105.57,
-5.30,-1.28,1.94,105.57,
-5.34,-1.36,1.95,105.57,
-5.36,-1.47,1.95,107.90,
-5.35,-1.58,1.95,107.90,
-5.31,-1.62,1.94,107.90,
-5.27,-1.56,1.93,107.90,
-5.25,-1.44,1.92,107.90,
-5.25,-1.33,1.91,109.53,
-5.29,-1.31,1.90,109.53,
-5.32,-1.44,1.91,109.53,
-5.32,-1.53,1.92,109.53,
-5.27,-1.51,1.94,109.53,
-5.24,-1.39,1.95,109.53,
-5.25,-1.29,1.95,118.67,
-5.35,-1.40,1.93,118.67,
-5.38,-1.52,1.92,118.67,
-5.37,-1.53,1.93,118.67,
-5.35,-1.40,1.94,119.07,
-5.39,-1.38,1.94,119.07,
-5.46,-1.49,1.92,119.07,
-5.51,-1.61,1.90,119.07,
-5.49,-1.61,1.92,119.07,
-5.48,-1.48,1.94,119.35,
-5.50,-1.42,1.96,119.35,
-5.57,-1.51,1.94,119.35,
-5.60,-1.56,1.92,119.35,
-5.61,-1.47,1.93,119.35,
-5.61,-1.38,1.94,119.54,
-5.67,-1.45,1.92,119.54,
-5.75,-1.58,1.88,119.54,
-5.80,-1.56,1.87,119.54,
-5.79,-1.44,1.88,119.54,
-5.83,-1.45,1.87,121.68,
-5.92,-1.58,1.82,121.68,
-5.96,-1.50,1.81,121.68,
-5.98,-1.43,1.82,121.68,
-6.06,-1.54,1.78,121.68,
-6.14,-1.61,1.73,121.68,
-6.20,-1.49,1.74,131.18,
-6.25,-1.47,1.73,131.18,
-6.33,-1.61,1.66,131.18,
-6.41,-1.61,1.63,131.18,
-6.48,-1.49,1.64,131.18,
-6.55,-1.63,1.58,129.82,
-6.65,-1.66,1.55,129.82,
-6.72,-1.53,1.56,129.82,
-6.79,-1.61,1.54,129.82,
-6.87,-1.74,1.49,129.82,
-6.97,-1.65,1.48,130.88,
-7.05,-1.62,1.48,130.88,
-7.12,-1.79,1.43,130.88,
-7.22,-1.69,1.43,130.88,
-7.31,-1.69,1.42,130.88,
-7.39,-1.88,1.37,131.61,
-7.49,-1.80,1.37,131.61,
-7.60,-1.75,1.38,131.61,
-7.67,-1.95,1.33,131.61,
-7.77,-1.92,1.32,131.61,
-7.88,-1.84,1.35,132.13,
-7.97,-2.05,1.32,132.13,
-8.07,-1.94,1.35,132.13,
-8.18,-1.98,1.38,132.13,
-8.35,-2.08,1.40,132.13,
-8.46,-2.13,1.44,140.49,
-8.52,-2.34,1.42,140.49,
-8.63,-2.23,1.49,140.49,
-8.74,-2.33,1.52,140.49,
-8.80,-2.52,1.52,140.49,
-8.94,-2.43,1.60,140.34,
-9.00,-2.70,1.59,140.34,
-9.09,-2.65,1.65,140.34,
-9.24,-2.70,1.70,140.34,
-9.29,-2.91,1.72,140.34,
-9.42,-2.79,1.80,140.24,
-9.56,-3.00,1.82,140.24,
-9.58,-3.05,1.87,140.24,
-9.77,-3.19,1.92,140.24,
-9.76,-3.33,1.95,140.24,
-9.94,-3.27,2.06,140.17,
-9.99,-3.55,2.07,140.17,
-10.07,-3.45,2.19,140.17,
-10.23,-3.67,2.23,140.17,
-10.28,-3.67,2.31,140.17,
-10.43,-3.78,2.40,142.12,
-10.44,-3.96,2.46,142.12,
-10.64,-4.07,2.55,142.12,
-10.63,-4.20,2.63,142.12,
-10.81,-4.26,2.74,142.12,
-10.81,-4.49,2.81,142.12,
-11.01,-4.45,2.95,151.48,
-11.01,-4.73,3.00,151.48,
-11.36,-4.91,3.38,151.48,
-11.34,-5.12,3.47,152.04,
-11.53,-5.16,3.63,152.04,
-11.52,-5.39,3.74,152.04,
-11.72,-5.40,3.91,152.04,
-11.69,-5.65,4.03,152.04,
-11.89,-5.69,4.21,152.43,
-11.85,-5.91,4.34,152.43,
-12.13,-6.40,4.84,152.43,
-12.18,-6.40,5.07,152.70,
-12.28,-6.63,5.25,152.70,
-12.28,-6.60,5.49,152.70,
-12.32,-6.83,5.69,152.70,
-12.34,-6.75,5.95,152.70,
-12.28,-6.87,6.40,150.89,
-12.21,-7.06,6.58,150.89,
-12.06,-7.12,7.04,150.89,
-12.07,-7.05,7.30,150.89,
-11.86,-7.10,7.51,159.62,
-11.88,-7.04,7.76,159.62,
-11.63,-7.06,8.00,159.62,
-11.60,-7.01,8.25,159.62,
-11.36,-6.98,8.49,159.62,
-11.16,-7.06,8.70,157.74,
-10.98,-6.83,8.98,157.74,
-10.50,-6.54,9.45,157.74,
-10.16,-6.54,9.64,157.74,
-9.86,-6.18,9.92,156.41,
-9.42,-6.12,10.11,156.41,
-9.06,-5.66,10.37,156.41,
-8.51,-5.56,10.52,156.41,
-7.38,-4.76,10.89,155.49,
-6.91,-4.27,11.05,155.49,
-5.62,-3.39,11.24,155.49,
-4.25,-2.43,11.31,154.84,
-3.40,-2.00,11.29,154.84,
-2.00,-1.03,11.19,154.84,
-1.37,-0.67,11.05,154.84,
-0.65,-0.09,10.95,154.84,
-0.05,0.24,10.75,162.39,
2.17,1.67,9.70,162.39,
2.63,2.07,9.38,159.67,
3.13,2.10,8.92,159.67,
3.38,2.45,8.53,159.67,
3.79,2.40,7.99,159.67,
3.95,2.66,7.51,159.67,
4.24,2.51,6.88,157.77,
4.28,2.67,6.32,157.77,
4.43,2.50,4.95,157.77,
4.54,2.22,4.16,157.77,
4.38,2.03,3.37,156.44,
4.39,1.83,2.54,156.44,
4.16,1.54,1.68,156.44,
4.12,1.27,0.79,156.44,
3.84,0.92,-0.14,156.44,
3.71,0.62,-1.09,155.51,
3.39,0.22,-2.09,155.51,
3.22,-0.10,-3.08,155.51,
2.88,-0.54,-4.13,155.51,
2.57,-0.76,-5.13,155.51,
2.02,-1.54,-7.28,152.86,
1.78,-2.10,-8.42,152.86,
1.48,-2.29,-9.46,152.86,
1.25,-2.82,-10.63,152.86,
0.92,-2.94,-11.66,152.86,
0.70,-3.39,-12.78,163.00,
0.32,-3.46,-13.75,163.00,
0.17,-3.70,-14.71,163.00,
-0.21,-3.60,-15.50,163.00,
-0.32,-3.65,-16.28,163.00,
-0.63,-3.42,-16.93,160.10,
-0.66,-3.34,-17.58,160.10,
-0.91,-3.01,-18.18,160.10,
-0.90,-2.89,-18.84,160.10,
-1.13,-2.56,-19.45,160.10,
-1.20,-2.20,-20.04,156.07,
-1.33,-2.07,-20.67,156.07,
-1.50,-1.58,-21.82,156.07,
-1.60,-1.16,-22.32,156.07,
-1.66,-1.10,-22.87,153.25,
-1.71,-0.68,-23.29,153.25,
-1.71,-0.63,-23.73,153.25,
-1.72,-0.27,-24.03,153.25,
-1.55,-0.20,-24.37,153.25,
-1.60,0.05,-24.59,151.27,
-1.39,0.11,-24.83,151.27,
-1.17,0.33,-25.20,151.27,
-1.19,0.48,-25.37,151.27,
-0.97,0.52,-25.56,151.27,
-0.95,0.59,-25.76,161.89,
-0.79,0.70,-25.97,161.89,
-0.68,0.60,-26.26,161.89,
-0.67,0.85,-26.47,161.89,
-0.52,0.72,-26.80,161.89,
-0.51,0.97,-27.07,159.32,
-0.35,0.84,-27.43,159.32,
-0.37,1.06,-27.74,159.32,
-0.20,0.96,-28.15,159.32,
-0.25,1.14,-28.50,159.32,
-0.08,1.22,-28.91,157.53,
0.01,1.30,-29.78,157.53,
-0.00,1.25,-30.25,157.53,
0.10,1.33,-30.70,157.53,
0.09,1.22,-31.22,156.27,
0.15,1.33,-31.72,156.27,
0.15,1.15,-32.29,156.27,
0.18,1.23,-32.81,156.27,
0.28,0.97,-33.44,156.27,
0.19,1.05,-34.00,156.27,
0.30,0.78,-34.67,165.39,
0.20,0.80,-35.27,165.39,
0.31,0.56,-35.96,165.39,
0.20,0.54,-36.60,165.39,
0.29,0.30,-37.33,165.39,
0.19,-0.26,-39.57,161.77,
0.17,-0.28,-40.33,161.77,
0.16,-0.63,-41.17,161.77,
0.09,-0.66,-41.97,159.24,
0.14,-0.99,-42.88,159.24,
-0.01,-1.07,-43.73,159.24,
0.06,-1.30,-44.66,159.24,
-0.06,-1.53,-45.58,159.24,
-0.15,-1.58,-46.49,159.47,
-0.10,-1.86,-47.46,159.47,
-0.23,-2.03,-48.41,159.47,
-0.23,-2.14,-49.36,159.47,
-0.26,-2.43,-50.36,159.47,
-0.37,-2.48,-51.31,161.63,
-0.44,-2.88,-53.30,161.63,
-0.41,-3.12,-55.27,161.63,
-0.52,-3.26,-56.24,161.63,
-0.58,-3.26,-57.18,171.14,
-0.62,-3.49,-58.14,171.14,
-0.79,-3.47,-59.01,171.14,
-1.08,-3.66,-60.69,171.14,
-1.30,-3.57,-61.43,167.80,
-1.46,-3.72,-62.20,167.80,
-1.77,-3.80,-62.90,167.80,
-2.07,-3.68,-63.53,167.80,
-2.29,-3.78,-64.19,167.80,
-2.65,-3.72,-64.78,167.46,
-2.90,-3.61,-65.36,167.46,
-3.45,-3.53,-66.49,167.46,
-3.63,-3.48,-67.04,167.46,
-3.80,-3.50,-67.60,167.22,
-4.07,-3.30,-68.07,167.22,
-4.15,-3.16,-68.57,167.22,
-4.31,-3.10,-69.05,167.22,
-4.47,-2.78,-69.46,167.22,
-4.61,-2.46,-70.29,165.05,
-4.65,-2.15,-70.65,165.05,
-4.63,-2.07,-71.03,165.05,
-4.67,-1.87,-71.35,165.05,
-4.63,-1.59,-71.62,165.05,
-4.51,-1.53,-71.91,175.54,
-4.51,-1.30,-72.12,175.54,
-4.38,-1.15,-72.33,175.54,
-4.32,-1.15,-72.54,175.54,
-4.29,-0.97,-72.69,175.54,
-4.16,-0.98,-73.08,172.88,
-4.15,-0.87,-73.26,172.88,
-4.02,-0.86,-73.49,172.88,
-3.98,-0.92,-73.75,172.88,
-3.94,-0.80,-73.98,169.01,
-3.77,-0.89,-74.28,169.01,
-3.66,-0.80,-74.84,169.01,
-3.43,-1.02,-75.51,168.31,
-3.35,-0.94,-75.82,168.31,
-3.16,-1.03,-76.18,168.31,
-3.09,-1.09,-76.54,168.31,
-3.00,-1.04,-76.87,168.31,
-2.79,-1.13,-77.25,167.82,
-2.70,-1.21,-77.62,167.82,
-2.59,-1.15,-77.94,167.82,
-2.39,-1.24,-78.31,167.82,
-2.22,-1.37,-78.69,167.82,
-2.14,-1.36,-79.03,169.47,
-1.99,-1.32,-79.35,169.47,
-1.81,-1.45,-79.69,169.47,
-1.73,-1.47,-80.00,169.47,
-1.61,-1.40,-80.28,169.47,
-1.43,-1.50,-80.58,169.47,
-1.36,-1.55,-80.84,180.63,
-1.31,-1.53,-81.08,180.63,
-1.20,-1.47,-81.30,180.63,
-1.05,-1.57,-81.55,180.63,
-0.96,-1.49,-81.93,176.44,
-0.84,-1.57,-82.13,176.44,
-0.82,-1.63,-82.30,176.44,
-0.81,-1.54,-82.43,176.44,
-0.71,-1.56,-82.57,176.44,
-0.61,-1.64,-82.74,175.51,
-0.64,-1.65,-82.86,175.51,
-0.66,-1.54,-82.97,175.51,
-0.60,-1.59,-83.10,175.51,
-0.64,-1.63,-83.24,175.51,
-0.70,-1.52,-83.33,174.86,
-0.68,-1.51,-83.44,174.86,
-0.72,-1.59,-83.57,174.86,
-0.84,-1.48,-83.66,174.86,
-0.94,-1.37,-83.74,174.86,
-0.96,-1.39,-83.86,172.40,
-1.06,-1.45,-83.99,172.40,
-1.22,-1.35,-84.08,172.40,
-1.28,-1.31,-84.23,172.40,
-1.56,-1.38,-84.58,172.40,
-1.71,-1.29,-84.76,184.68,
-1.80,-1.33,-84.99,184.68,
-1.91,-1.38,-85.23,184.68,
-2.08,-1.44,-85.48,184.68,
-2.27,-1.36,-85.70,184.68,
-2.42,-1.31,-85.94,181.28,
-2.53,-1.38,-86.21,181.28,
-2.68,-1.43,-86.47,181.28,
-2.89,-1.36,-86.71,181.28,
-3.03,-1.27,-86.97,181.28,
-3.15,-1.20,-87.23,180.89,
-3.25,-1.23,-87.51,180.89,
-3.39,-1.25,-87.76,180.89,
-3.57,-1.17,-88.00,180.89,
-3.70,-1.06,-88.22,180.89,
-3.77,-1.03,-88.47,180.63,
-3.86,-1.05,-88.69,180.63,
-4.00,-0.99,-88.90,180.63,
-4.11,-0.85,-89.09,180.63,
-4.22,-0.70,-89.26,180.63,
-4.25,-0.63,-89.44,178.44,
-4.30,-0.62,-89.62,178.44,
-4.39,-0.56,-89.75,178.44,
-4.48,-0.39,-89.86,178.44,
-4.50,-0.27,-89.98,178.44,
-4.48,-0.23,-90.10,178.44,
-4.52,-0.19,-90.18,188.91,
-4.57,-0.04,-90.23,188.91,
-4.61,0.11,-90.26,188.91,
-4.59,0.25,-90.27,188.91,
-4.53,0.27,-90.30,188.91,
-4.49,0.30,-90.31,186.23,
-4.51,0.39,-90.27,186.23,
-4.46,0.54,-90.21,186.23,
-4.36,0.60,-90.18,186.23,
-4.20,0.56,-90.07,184.36,
-4.16,0.61,-89.96,184.36,
-4.10,0.72,-89.85,184.36,
-3.98,0.77,-89.75,184.36,
-3.86,0.72,-89.65,184.36,
-3.80,0.69,-89.53,181.05,
-3.76,0.76,-89.37,181.05,
-3.65,0.81,-89.23,181.05,
-3.53,0.75,-89.11,181.05,
-3.41,0.67,-88.97,181.05,
-3.34,0.61,-88.82,178.74,
-3.31,0.63,-88.61,178.74,
-3.23,0.67,-88.43,178.74,
-3.13,0.58,-88.27,178.74,
-3.08,0.47,-88.10,178.74,
-3.07,0.45,-87.90,178.74,
-3.03,0.49,-87.71,189.12,
-2.96,0.43,-87.57,189.12,
-2.91,0.37,-87.44,189.12,
-2.88,0.24,-87.31,189.12,
-2.92,0.20,-87.15,189.12,
-2.96,0.23,-87.00,188.38,
-2.97,0.24,-86.84,188.38,
-2.96,0.17,-86.71,188.38,
-2.98,0.06,-86.58,188.38,
-3.07,0.06,-86.42,188.38,
-3.18,0.06,-86.25,185.87,
-3.27,0.12,-86.07,185.87,
-3.30,0.11,-85.93,185.87,
-3.36,0.04,-85.80,185.87,
-3.46,-0.02,-85.66,185.87,
-3.61,0.02,-85.49,184.11,
-3.72,0.10,-85.34,184.11,
-3.79,0.08,-85.21,184.11,
-3.88,-0.01,-85.08,184.11,
-3.97,-0.08,-84.98,184.11,
-4.14,-0.07,-84.85,182.87,
-4.28,0.02,-84.72,182.87,
-4.39,0.09,-84.60,182.87,
-4.47,0.07,-84.51,182.87,
-4.56,0.03,-84.41,182.87,
-4.72,0.07,-84.29,182.01,
-4.92,0.27,-84.03,182.01,
-4.94,0.34,-83.91,182.01,
-4.97,0.30,-83.79,182.01,
-5.05,0.31,-83.65,183.41,
-5.15,0.40,-83.49,183.41,
-5.18,0.53,-83.30,183.41,
-5.16,0.58,-83.13,183.41,
-5.13,0.54,-82.97,183.41,
-5.14,0.55,-82.78,182.39,
-5.17,0.57,-82.58,182.39,
-5.16,0.68,-82.35,182.39,
-5.08,0.78,-82.13,182.39,
-4.95,0.76,-81.93,182.39,
-4.85,0.72,-81.74,181.67,
-4.79,0.74,-81.52,181.67,
-4.70,0.83,-81.30,181.67,
-4.54,0.91,-81.07,181.67,
-4.34,0.87,-80.87,181.67,
-4.13,0.84,-80.67,181.17,
-3.98,0.78,-80.48,181.17,
-3.87,0.82,-80.26,181.17,
-3.70,0.91,-80.04,181.17,
-3.49,0.95,-79.84,181.17,
-3.28,0.88,-79.66,180.82,
-3.11,0.84,-79.46,180.82,
-2.99,0.89,-79.25,180.82,
-2.81,0.97,-79.04,180.82,
-2.62,1.03,-78.86,180.82,
-2.42,1.00,-78.69,180.57,
-2.22,0.91,-78.55,180.57,
-2.11,0.86,-78.39,180.57,
-2.00,0.90,-78.20,180.57,
-1.84,0.93,-78.05,180.57,
-1.65,0.85,-77.92,180.57,
-1.53,0.73,-77.81,190.40,
-1.41,0.60,-77.72,190.40,
-1.30,0.59,-77.47,190.40,
-1.17,0.56,-77.37,190.40,
-1.05,0.44,-77.31,187.28,
-0.99,0.32,-77.23,187.28,
-0.99,0.29,-77.15,187.28,
-0.94,0.33,-77.07,187.28,
-0.86,0.27,-77.03,187.28,
-0.77,0.21,-77.01,185.10,
-0.73,0.07,-77.01,185.10,
-0.75,-0.01,-77.00,185.10,
-0.80,0.02,-76.99,185.10,
-0.81,0.04,-76.99,185.10,
-0.76,-0.03,-77.04,183.57,
-0.77,-0.16,-77.10,183.57,
-0.86,-0.20,-77.16,183.57,
-0.95,-0.25,-77.24,183.57,
-1.04,-0.21,-77.31,183.57,
-1.05,-0.18,-77.41,182.50,
-1.06,-0.25,-77.52,182.50,
-1.11,-0.36,-77.65,182.50,
-1.20,-0.39,-77.74,182.50,
-1.30,-0.34,-77.82,182.50,
-1.33,-0.29,-77.91,182.50,
-1.35,-0.27,-77.99,193.75,
-1.41,-0.42,-78.20,193.75,
-1.50,-0.39,-78.25,193.75,
-1.52,-0.33,-78.44,189.62,
-1.57,-0.38,-78.48,189.62,
-1.65,-0.30,-78.50,189.62,
-1.67,-0.19,-78.51,189.62,
-1.66,-0.07,-78.48,186.74,
-1.62,-0.05,-78.50,186.74,
-1.59,-0.09,-78.52,186.74,
-1.63,-0.08,-78.49,186.74,
-1.68,0.05,-78.41,186.74,
-1.63,0.17,-78.35,184.72,
-1.56,0.20,-78.29,184.72,
-1.53,0.17,-78.24,184.72,
-1.50,0.16,-78.16,184.72,
-1.53,0.25,-78.05,184.72,
-1.51,0.41,-77.91,183.30,
-1.42,0.52,-77.78,183.30,
-1.32,0.54,-77.65,183.30,
-1.30,0.66,-77.34,183.30,
-1.25,0.84,-77.16,183.30,
-1.14,0.93,-77.01,192.31,
-1.03,1.03,-76.86,192.31,
-0.94,1.01,-76.70,192.31,
-0.85,1.29,-76.10,188.62,
-0.73,1.33,-75.91,188.62,
-0.65,1.28,-75.72,188.62,
-0.66,1.31,-75.50,188.62,
-0.66,1.42,-75.26,188.62,
-0.67,1.53,-75.01,186.03,
-0.61,1.58,-74.79,186.03,
-0.53,1.53,-74.62,186.03,
-0.55,1.45,-74.44,186.03,
-0.60,1.46,-74.24,186.03,
-0.62,1.53,-74.03,184.22,
-0.59,1.51,-73.88,184.22,
-0.56,1.40,-73.74,184.22,
-0.73,1.22,-73.46,184.22,
-0.83,1.24,-73.34,182.96,
-0.88,1.24,-73.23,182.96,
-0.90,1.15,-73.18,182.96,
-0.98,1.00,-73.15,182.96,
-1.13,0.92,-73.11,182.96,
-1.27,0.95,-73.07,182.96,
-1.33,0.91,-73.06,192.07,
-1.41,0.89,-73.08,192.07,
-1.49,0.75,-73.13,192.07,
-1.64,0.63,-73.19,192.07,
-1.98,0.65,-73.32,188.45,
-2.06,0.60,-73.44,188.45,
-2.18,0.47,-73.58,188.45,
-2.57,0.45,-73.84,188.45,
-2.74,0.50,-73.99,185.91,
-2.87,0.54,-74.15,185.91,
-2.97,0.49,-74.37,185.91,
-3.13,0.42,-74.59,185.91,
-3.33,0.46,-74.79,185.91,
-3.46,0.57,-75.00,186.14,
-3.54,0.60,-75.23,186.14,
-3.63,0.55,-75.50,186.14,
-3.78,0.56,-75.74,186.14,
-3.93,0.58,-75.98,186.14,
-4.04,0.72,-76.20,184.30,
-4.12,0.88,-76.74,184.30,
-4.19,0.89,-77.02,184.30,
-4.29,1.02,-77.27,184.30,
-4.39,1.16,-77.52,184.30,
-4.41,1.37,-78.46,193.01,
-4.49,1.50,-78.78,193.01,
-4.54,1.68,-79.07,193.01,
-4.48,1.89,-79.39,189.11,
-4.51,1.97,-79.76,189.11,
-4.54,2.07,-80.09,189.11,
-4.63,2.28,-80.42,189.11,
-4.61,2.51,-80.77,189.11,
-4.58,2.75,-81.10,186.37,
-4.54,2.88,-81.49,186.37,
-4.54,2.98,-81.88,186.37,
-4.59,3.16,-82.24,186.37,
-4.56,3.39,-82.61,186.37,
-4.40,3.59,-83.44,184.46,
-4.38,3.67,-83.85,184.46,
-4.35,3.86,-84.24,184.46,
-4.27,4.02,-84.61,184.46,
-3.92,4.11,-85.46,183.12,
-3.79,4.03,-85.89,183.12,
-3.67,4.06,-86.66,183.12,
-3.49,4.02,-87.09,183.12,
-3.29,3.88,-87.49,192.19,
-2.96,3.75,-88.24,192.19,
-2.79,3.75,-88.58,192.19,
-2.64,3.72,-88.92,192.19,
-2.46,3.57,-89.28,188.53,
-2.36,3.47,-89.63,188.53,
-2.24,3.47,-89.93,188.53,
-2.02,3.48,-90.22,188.53,
-1.79,3.43,-90.52,188.53,
-1.60,3.35,-90.84,185.97,
-1.50,3.22,-91.14,185.97,
-1.51,3.16,-91.39,185.97,
-1.52,3.20,-91.61,185.97,
-1.43,3.16,-91.87,185.97,
-1.36,3.00,-92.14,184.18,
-1.36,2.92,-92.38,184.18,
-1.43,2.91,-92.59,184.18,
-1.47,2.91,-92.79,184.18,
-1.55,2.92,-92.98,184.18,
-1.59,2.80,-93.18,182.93,
-1.65,2.70,-93.36,182.93,
-1.77,2.68,-93.50,182.93,
-1.83,2.73,-93.62,182.93,
-1.85,2.74,-93.74,182.93,
-1.91,2.65,-93.85,182.93,
-2.03,2.58,-93.95,194.05,
-2.17,2.52,-94.03,194.05,
-2.31,2.57,-94.08,194.05,
-2.39,2.65,-94.15,194.05,
-2.44,2.67,-94.23,194.05,
-2.50,2.62,-94.32,189.83,
-2.61,2.60,-94.37,189.83,
-2.78,2.66,-94.42,189.83,
-2.90,2.76,-94.47,189.83,
-2.97,2.80,-94.52,189.83,
-3.01,2.86,-94.58,188.88,
-3.02,2.85,-94.64,188.88,
-3.07,2.83,-94.69,188.88,
-3.15,2.90,-94.72,188.88,
-3.23,3.01,-94.76,188.88,
-3.26,3.15,-94.78,186.22,
-3.25,3.20,-94.84,186.22,
-3.19,3.27,-94.95,186.22,
-3.14,3.29,-95.00,186.22,
-3.11,3.35,-95.02,184.35,
-3.07,3.46,-95.02,184.35,
-2.99,3.59,-95.01,184.35,
-2.85,3.66,-95.01,184.35,
-2.69,3.67,-95.02,184.35,
-2.52,3.62,-95.02,184.35,
-2.38,3.60,-95.01,197.05,
-2.05,3.57,-94.96,197.05,
-1.87,3.61,-94.88,197.05,
-1.65,3.65,-94.86,197.05,
-1.38,3.63,-94.84,193.93,
-1.14,3.56,-94.81,193.93,
-0.95,3.47,-94.76,193.93,
-0.76,3.44,-94.70,193.93,
-0.58,3.44,-94.62,193.93,
-0.38,3.45,-94.56,191.75,
0.00,3.46,-94.36,191.75,
0.19,3.38,-94.27,191.75,
0.37,3.23,-94.22,191.75,
0.51,3.09,-94.19,190.23,
0.62,2.98,-94.11,190.23,
0.77,2.85,-93.94,190.23,
0.85,2.71,-93.80,189.16,
0.91,2.57,-93.75,189.16,
0.92,2.37,-93.66,189.16,
0.89,2.16,-93.59,189.16,
0.83,2.02,-93.51,189.16,
0.75,1.94,-93.42,188.41,
0.70,1.87,-93.32,188.41,
0.61,1.80,-93.24,188.41,
0.55,1.69,-93.16,188.41,
0.44,1.57,-93.08,188.41,
0.29,1.40,-92.99,188.41,
0.10,1.21,-92.90,199.89,
-0.16,1.10,-92.82,199.89,
-0.38,1.07,-92.73,199.89,
-0.75,1.01,-92.52,199.89,
-0.93,0.97,-92.39,195.92,
-1.12,0.92,-92.30,195.92,
-1.37,0.82,-92.21,195.92,
-1.64,0.77,-92.11,195.92,
-1.93,0.76,-91.96,195.92,
-2.19,0.81,-91.82,193.15,
-2.40,0.88,-91.65,193.15,
-2.60,0.95,-91.50,193.15,
-2.83,1.06,-91.36,193.15,
-3.04,1.10,-91.20,193.15,
-3.28,1.13,-91.04,191.20,
-3.53,1.17,-90.87,191.20,
-3.79,1.26,-90.65,191.20,
-4.01,1.43,-90.45,191.20,
-4.21,1.59,-90.26,191.20,
-4.34,1.76,-90.07,189.84,
-4.50,1.85,-89.89,189.84,
-4.61,1.98,-89.70,189.84,
-4.85,2.12,-89.26,189.84,
-4.99,2.24,-89.00,189.84,
-5.09,2.40,-88.74,200.89,
-5.14,2.56,-88.49,200.89,
-5.15,2.71,-88.25,200.89,
-5.16,2.77,-88.00,200.89,
-5.14,2.84,-87.77,200.89,
-5.12,2.87,-87.55,196.62,
-5.12,2.93,-87.33,196.62,
-5.14,3.05,-87.09,196.62,
-5.11,3.19,-86.89,196.62,
-5.00,3.33,-86.71,196.62,
-4.87,3.40,-86.50,193.64,
-4.75,3.44,-86.32,193.64,
-4.62,3.44,-86.19,193.64,
-4.52,3.47,-86.04,193.64,
-4.42,3.48,-85.89,193.64,
-4.19,3.61,-85.63,191.54,
-4.05,3.68,-85.55,191.54,
-3.87,3.70,-85.47,191.54,
-3.69,3.66,-85.43,191.54,
-3.57,3.64,-85.38,191.54,
-3.47,3.64,-85.31,202.08,
-3.36,3.69,-85.28,202.08,
-3.29,3.73,-85.24,202.08,
-3.17,3.76,-85.24,202.08,
-3.03,3.74,-85.26,202.08,
-2.81,3.51,-85.33,195.46,
-2.78,3.44,-85.38,195.46,
-2.76,3.38,-85.42,195.46,
-2.71,3.36,-85.46,195.46,
-2.69,3.33,-85.52,192.82,
-2.62,3.13,-85.71,192.82,
-2.60,2.92,-85.84,192.82,
-2.62,2.76,-85.94,192.82,
-2.74,2.53,-86.08,190.97,
-2.73,2.47,-86.16,190.97,
-2.74,2.38,-86.26,190.97,
-2.76,2.32,-86.37,190.97,
-2.78,2.19,-86.48,189.68,
-2.84,2.02,-86.55,189.68,
-2.95,1.92,-86.61,189.68,
-3.07,1.88,-86.66,189.68,
-3.18,1.87,-86.68,189.68,
-3.24,1.90,-86.74,189.68,
-3.29,1.86,-86.76,200.78,
-3.33,1.82,-86.78,200.78,
-3.40,1.81,-86.78,200.78,
-3.47,1.77,-86.80,200.78,
-3.58,1.77,-86.78,200.78,
-3.71,1.82,-86.73,196.54,
-3.81,1.92,-86.64,196.54,
-3.90,2.07,-86.56,196.54,
-3.95,2.16,-86.50,196.54,
-3.97,2.23,-86.43,196.54,
-4.07,2.36,-86.20,193.58,
-4.10,2.41,-86.08,193.58,
-4.18,2.50,-85.95,193.58,
-4.24,2.65,-85.77,193.58,
-4.27,2.81,-85.59,191.51,
-4.24,2.98,-85.44,191.51,
-4.19,3.10,-85.29,191.51,
-4.10,3.19,-85.12,191.51,
-3.97,3.25,-84.77,190.05,
-3.89,3.31,-84.61,190.05,
-3.82,3.35,-84.39,190.05,
-3.77,3.43,-84.18,190.05,
-3.68,3.58,-84.02,190.05,
-3.38,3.76,-83.55,201.04,
-3.20,3.78,-83.36,201.04,
-3.00,3.77,-83.13,201.04,
-2.79,3.78,-82.93,201.04,
-2.40,3.66,-82.43,198.73,
-2.06,3.58,-81.96,198.73,
-1.89,3.57,-81.74,198.73,
-1.69,3.56,-81.56,198.73,
-1.51,3.55,-81.39,197.11,
-1.34,3.52,-81.25,197.11,
-1.16,3.48,-81.15,197.11,
-1.02,3.40,-81.08,197.11,
-0.85,3.34,-81.01,197.11,
-0.72,3.25,-80.97,197.98,
-0.58,3.16,-80.95,197.98,
-0.46,3.07,-80.94,197.98,
-0.37,2.94,-80.95,197.98,
-0.27,2.83,-80.97,197.98,
-0.17,2.66,-81.00,200.58,
0.08,2.39,-81.06,200.58,
0.18,2.29,-81.09,200.58,
0.31,2.18,-81.12,200.58,
0.41,2.10,-81.15,202.41,
0.49,2.06,-81.17,202.41,
0.54,2.01,-81.19,202.41,
0.60,1.98,-81.22,202.41,
0.58,1.96,-81.22,202.41,
0.54,1.93,-81.24,202.41,
0.50,1.89,-81.26,215.69,
0.44,1.83,-81.31,215.69,
0.35,1.76,-81.38,215.69,
0.16,1.60,-81.60,215.69,
0.07,1.51,-81.72,214.98,
-0.03,1.43,-81.86,214.98,
-0.13,1.44,-82.01,214.98,
-0.23,1.44,-82.16,214.98,
-0.36,1.44,-82.30,214.98,
-0.73,1.44,-82.61,212.49,
-1.49,1.25,-83.29,212.74,
-1.63,1.24,-83.48,212.74,
-1.77,1.26,-83.66,212.74,
-1.97,1.30,-83.83,212.74,
-2.14,1.33,-84.00,212.74,
-2.38,1.34,-84.14,212.92,
-2.58,1.31,-84.28,212.92,
-2.77,1.27,-84.41,212.92,
-2.95,1.22,-84.54,212.92,
-3.07,1.23,-84.67,212.92,
-3.18,1.27,-84.79,212.92,
-3.29,1.30,-84.89,225.04,
-3.44,1.35,-84.98,225.04,
-3.58,1.35,-85.06,225.04,
-3.70,1.33,-85.13,225.04,
-3.81,1.28,-85.19,225.04,
-3.89,1.26,-85.27,221.53,
-3.93,1.26,-85.35,221.53,
-3.95,1.30,-85.40,221.53,
-4.04,1.33,-85.44,221.53,
-4.09,1.36,-85.47,221.53,
-4.15,1.34,-85.51,219.07,
-4.17,1.32,-85.55,219.07,
-4.16,1.31,-85.58,219.07,
-4.12,1.39,-85.62,219.07,
-4.09,1.47,-85.63,219.07,
-4.12,1.53,-85.62,217.35,
-4.14,1.57,-85.61,217.35,
-4.11,1.61,-85.62,217.35,
-4.02,1.83,-85.62,217.35,
-4.02,1.98,-85.61,216.14,
-4.03,2.07,-85.60,216.14,
-4.03,2.14,-85.60,216.14,
-3.96,2.24,-85.60,216.14,
-3.93,2.40,-85.60,216.14,
-3.94,2.55,-85.64,216.14,
-3.95,2.62,-85.69,231.30,
-3.85,2.77,-85.78,231.30,
-3.77,3.01,-85.89,231.30,
-3.70,3.07,-85.96,229.91,
-3.62,3.27,-86.13,229.91,
-3.58,3.27,-86.29,229.91,
-3.49,3.31,-86.49,229.91,
-3.35,3.30,-86.62,228.94,
-3.35,3.40,-86.83,228.94,
-3.28,3.36,-87.12,228.94,
-3.10,3.36,-87.67,228.94,
-3.01,3.32,-87.93,230.26,
-2.94,3.38,-88.24,230.26,
-2.90,3.35,-88.62,230.26,
-2.74,3.31,-89.38,230.26,
-2.70,3.26,-89.84,233.18,
-2.65,3.24,-90.36,233.18,
-2.61,3.17,-90.97,233.18,
-2.54,3.10,-91.58,233.18,
-2.53,3.03,-92.25,233.18,
-2.48,3.02,-92.95,233.18,
-2.45,2.92,-93.68,251.23,
-2.48,2.94,-94.41,251.23,
-2.56,2.87,-95.17,251.23,
-2.46,2.72,-95.91,251.23,
-2.43,2.66,-96.65,251.23,
-2.53,2.61,-97.42,253.86,
-2.47,2.44,-98.19,253.86,
-2.42,2.37,-98.98,253.86,
-2.54,2.41,-99.80,253.86,
-2.59,2.26,-100.68,253.86,
-2.55,2.13,-101.55,257.70,
-2.71,2.23,-102.41,257.70,
-2.73,2.00,-104.21,257.70,
-2.99,2.04,-105.94,260.39,
-3.02,1.97,-106.73,260.39,
-3.28,2.04,-107.53,260.39,
-3.33,2.06,-108.36,260.39,
-3.43,2.07,-109.10,260.39,
-3.71,2.14,-109.85,264.27,
-3.75,2.14,-110.58,264.27,
-3.94,2.21,-111.28,264.27,
-4.11,2.22,-111.94,264.27,
-4.18,2.24,-112.62,264.27,
-4.31,2.27,-113.24,266.99,
-4.46,2.30,-113.80,266.99,
-4.56,2.36,-114.42,266.99,
-4.70,2.39,-114.97,266.99,
-4.86,2.42,-115.48,266.99,
-5.03,2.59,-116.05,268.89,
-5.12,2.47,-116.66,268.89,
-5.22,2.48,-117.22,268.89,
-5.42,2.47,-118.05,268.89,
-5.56,2.56,-119.00,268.89,
-5.79,2.41,-121.21,240.23,
-5.87,2.32,-122.51,240.23,
-6.31,2.45,-123.99,240.23,
-6.09,2.21,-125.72,240.23,
-6.00,2.30,-126.94,220.16,
-6.02,2.26,-128.44,220.16,
-5.75,2.30,-129.83,220.16,
-5.30,2.06,-131.88,220.16,
-5.32,2.37,-132.84,210.11,
-4.87,2.06,-133.34,210.11,
-4.42,1.98,-133.84,210.11,
-4.47,2.22,-134.15,210.11,
-3.34,1.95,-133.98,201.08,
-3.32,2.54,-133.88,201.08,
-2.89,2.24,-133.25,201.08,
-2.05,2.26,-132.63,201.08,
-1.66,2.20,-131.60,201.08,
-0.88,2.32,-130.71,188.75,
-0.07,2.25,-129.17,188.75,
0.51,2.29,-127.62,188.75,
2.76,1.51,-119.91,182.13,
3.51,1.17,-117.63,182.13,
4.03,0.94,-114.82,182.13,
4.50,1.22,-112.09,182.13,
5.46,1.01,-109.33,182.13,
6.13,0.66,-103.17,163.49,
6.63,0.08,-100.09,163.49,
6.96,0.29,-96.61,163.49,
6.96,-0.44,-93.31,163.49,
7.68,-0.62,-89.88,142.44,
7.48,-0.24,-86.07,142.44,
7.06,-0.86,-82.55,142.44,
7.23,-1.58,-78.99,142.44,
7.60,-1.38,-75.22,142.44,
7.40,-0.83,-71.31,123.71,
7.05,-0.56,-67.40,123.71,
6.30,-0.17,-63.43,123.71,
5.52,0.07,-59.45,123.71,
3.71,0.94,-51.36,108.60,
2.93,1.60,-47.24,108.60,
1.94,2.30,-43.12,108.60,
1.29,3.24,-38.95,108.60,
0.90,4.34,-34.80,108.60,
0.91,4.97,-30.75,108.60,
0.97,5.13,-26.79,96.02,
0.54,5.19,-22.79,96.02,
-0.40,6.88,-14.45,96.02,
-0.32,7.77,-10.32,96.02,
-0.15,8.10,-6.26,83.21,
-0.38,8.43,-2.13,83.21,
-0.38,9.26,2.05,83.21,
-0.06,9.96,6.16,83.21,
0.10,10.04,10.25,83.21,
0.26,10.55,14.41,70.25,
0.68,10.94,18.48,70.25,
0.99,10.86,22.53,70.25,
1.33,11.15,26.65,70.25,
1.78,11.07,30.68,70.25,
2.06,10.85,34.68,63.17,
2.49,10.75,38.75,63.17,
2.76,10.20,42.72,63.17,
3.10,9.99,46.71,63.17,
3.38,9.24,50.72,63.17,
3.52,8.80,54.68,60.22,
3.75,8.01,58.65,60.22,
3.68,7.26,62.61,60.22,
3.82,6.48,66.54,60.22,
3.61,5.60,70.49,60.22,
3.63,4.77,74.41,60.22,
3.26,3.86,78.36,60.16,
3.15,2.94,82.27,60.16,
2.62,2.12,86.22,60.16,
2.35,1.12,90.14,60.16,
1.73,0.50,94.08,60.16,
1.31,-0.52,98.00,54.11,
0.65,-0.97,101.96,54.11,
0.09,-2.03,105.88,54.11,
-0.47,-2.27,109.86,54.11,
-1.17,-3.18,113.79,54.11,
-2.33,-3.90,121.74,55.88,
-3.36,-4.45,129.74,55.88,
-3.94,-5.18,133.71,55.88,
-4.18,-5.01,137.77,55.11,
-4.69,-5.38,141.76,55.11,
-5.10,-5.52,149.87,55.11,
-5.42,-6.08,153.86,55.11,
-5.34,-6.03,157.93,52.58,
-5.40,-6.13,161.96,52.58,
-5.39,-6.62,166.01,52.58,
-5.12,-6.56,170.08,52.58,
-5.06,-6.96,174.11,52.58,
-4.82,-7.35,178.15,52.58,
-4.46,-7.55,182.16,52.81,
-4.27,-8.06,186.18,52.81,
-3.98,-8.57,190.20,52.81,
-3.56,-8.98,194.21,52.81,
-3.33,-9.55,198.22,52.81,
-3.02,-10.20,202.22,50.96,
-2.62,-10.81,206.24,50.96,
-1.46,-12.54,209.99,50.96,
0.99,-15.77,212.67,50.96,
2.41,-15.70,214.94,50.96,
2.32,-15.23,215.06,41.67,
1.62,-15.42,213.55,41.67,
0.09,-14.99,210.42,41.67,
-0.43,-14.23,209.45,41.67,
0.11,-14.39,208.47,37.17,
0.73,-14.38,207.43,37.17,
0.65,-14.16,206.14,37.17,
0.57,-14.20,204.84,37.17,
0.27,-14.00,203.56,37.17,
-0.09,-13.89,202.22,34.02,
0.33,-14.00,199.98,34.02,
2.31,-14.81,199.11,34.02,
4.03,-15.66,198.29,34.02,
4.39,-16.19,197.89,34.02,
4.49,-16.43,197.74,31.81,
5.07,-16.80,197.80,31.81,
5.73,-17.39,198.02,31.81,
6.46,-17.74,198.27,31.81,
7.15,-18.02,198.56,31.81,
7.77,-18.26,198.85,28.27,
8.21,-18.44,199.19,28.27,
8.58,-18.49,199.47,28.27,
9.06,-18.69,199.61,28.27,
9.49,-18.88,199.72,28.27,
9.53,-18.86,199.91,25.79,
9.17,-18.60,200.06,25.79,
8.47,-18.22,200.19,25.79,
7.95,-17.56,200.34,25.79,
6.82,-16.81,200.39,25.79,
5.79,-15.95,200.48,24.05,
3.42,-13.92,200.74,24.05,
2.09,-12.89,200.95,24.05,
0.68,-11.72,201.18,24.05,
-0.49,-10.91,201.42,22.84,
-1.48,-9.84,201.68,22.84,
-2.72,-8.78,201.89,22.84,
-3.78,-7.71,202.15,22.84,
-4.75,-6.68,202.35,22.84,
-5.88,-5.63,202.58,22.84,
-7.06,-4.64,202.79,21.99,
-8.21,-3.62,203.02,21.99,
-9.33,-2.64,203.22,21.99,
-10.40,-1.73,203.41,21.99,
-11.32,-0.82,203.59,21.99,
-12.14,-0.06,203.77,19.39,
-12.90,0.52,203.88,19.39,
-13.41,0.81,203.98,19.39,
-13.72,0.88,204.05,19.39,
-13.95,0.99,204.05,19.39,
-13.90,1.00,204.02,17.57,
-13.81,0.80,204.01,17.57,
-13.79,0.74,203.93,17.57,
-13.53,0.49,203.87,17.57,
-13.25,0.29,203.81,17.57,
-13.09,0.13,203.80,14.30,
-12.95,-0.05,203.77,14.30,
-12.83,-0.71,203.50,14.30,
-12.67,-1.51,202.86,14.30,
-12.69,-2.02,202.19,14.01,
-13.06,-2.26,201.46,14.01,
-13.70,-2.34,200.70,14.01,
-14.62,-2.10,200.09,14.01,
-15.61,-1.67,199.56,14.01,
-16.58,-1.23,199.03,14.01,
-17.52,-0.88,198.45,13.81,
-18.35,-0.74,197.63,13.81,
-19.02,-0.83,196.74,13.81,
-19.86,-1.01,194.99,13.81,
-20.46,-1.30,193.15,11.67,
-20.73,-1.44,192.18,11.67,
-21.01,-1.55,191.11,11.67,
-21.30,-1.67,189.90,11.67,
-21.67,-1.67,188.51,10.17,
-22.10,-1.56,186.97,10.17,
-22.37,-1.32,185.33,10.17,
-22.38,-1.07,183.57,10.17,
-22.09,-0.84,181.69,10.17,
-20.98,0.06,172.90,9.12,
-20.93,0.32,170.50,9.12,
-20.88,0.68,168.22,8.38,
-20.80,0.99,166.15,8.38,
-20.74,1.26,164.41,8.38,
-21.84,1.65,162.39,8.38,
-22.32,1.71,161.70,8.38,
-22.74,1.71,161.12,7.87,
-23.27,1.64,160.68,7.87,
-23.77,1.52,160.27,7.87,
-24.24,1.40,159.96,7.87,
-24.62,1.45,159.80,7.87,
-24.89,1.53,159.82,5.51,
-25.06,1.57,159.96,5.51,
-25.24,1.65,160.20,5.51,
-25.38,1.75,160.52,5.51,
-25.40,1.79,160.92,5.51,
-25.39,1.85,161.45,5.85,
-25.41,1.94,162.08,5.85,
-25.44,2.07,162.70,5.85,
-25.50,2.20,163.21,5.85,
-25.75,2.63,163.77,4.10,
-25.84,2.95,163.88,4.10,
-25.77,3.28,163.92,4.10,
-25.57,3.59,163.86,4.10,
-25.47,3.92,163.69,4.10,
-25.41,4.54,163.15,2.87,
-25.33,4.85,162.86,2.87,
-25.23,5.17,162.61,2.87,
-25.12,5.48,162.34,2.87,
-25.03,5.76,162.01,2.01,
-25.03,6.04,161.64,2.01,
-25.02,6.34,161.28,2.01,
-24.98,6.62,160.88,2.01,
-24.97,6.92,160.47,2.01,
-24.81,7.75,158.88,1.41,
-24.72,8.02,158.22,1.41,
-24.43,8.61,156.80,1.41,
-24.21,8.89,156.05,0.98,
-24.01,9.16,155.27,0.98,
-23.83,9.45,154.52,0.98,
-23.62,9.72,153.80,0.98,
-23.37,9.95,153.11,0.98,
-23.13,10.17,152.49,0.69,
-22.93,10.37,151.93,0.69,
-22.71,10.56,151.45,0.69,
-22.49,10.68,151.10,0.69,
-22.26,10.80,150.82,0.69,
-22.08,10.86,150.64,0.48,
-21.92,10.91,150.58,0.48,
-21.79,10.89,150.63,0.48,
-21.65,10.86,150.75,0.48,
-21.52,10.81,150.91,0.48,
-21.40,10.77,151.02,0.34,
-21.28,10.71,151.07,0.34,
-21.13,10.65,151.02,0.34,
-20.98,10.60,150.91,0.34,
-20.80,10.54,150.77,0.34,
-20.62,10.48,150.62,0.34,
-20.43,10.40,150.51,0.24,
-20.25,10.30,150.44,0.24,
-20.06,10.19,150.40,0.24,
-19.86,10.07,150.39,0.24,
-19.45,9.81,150.31,0.17,
-19.23,9.69,150.22,0.17,
-19.00,9.57,150.11,0.17,
-18.77,9.44,149.99,0.17,
-18.53,9.31,149.89,0.17,
-18.29,9.17,149.81,0.12,
-18.05,9.03,149.76,0.12,
-17.82,8.89,149.72,0.12,
-17.59,8.75,149.68,0.12,
-17.36,8.62,149.62,0.12,
-16.89,8.38,149.44,0.08,
-16.66,8.28,149.33,0.08,
-16.43,8.18,149.24,0.08,
-16.21,8.08,149.17,0.08,
-15.98,7.99,149.11,0.08,
-15.76,7.90,149.07,0.06,
-15.31,7.75,148.99,0.06,
-15.09,7.70,148.95,0.06,
-14.86,7.65,148.90,0.06,
-14.64,7.61,148.86,0.04,
-14.42,7.58,148.82,0.04,
-14.20,7.56,148.79,0.04,
-13.99,7.53,148.78,0.04,
-13.79,7.52,148.77,0.04,
-13.58,7.50,148.76,0.03,
-13.39,7.50,148.75,0.03,
-13.19,7.49,148.74,0.03,
-13.00,7.49,148.71,0.03,
-12.81,7.49,148.69,0.03,
-12.63,7.49,148.67,0.02,
-12.29,7.48,148.64,0.02,
-12.13,7.46,148.63,0.02,
-11.98,7.45,148.61,0.02,
-11.83,7.43,148.59,0.01,
-11.69,7.40,148.56,0.01,
-11.56,7.37,148.53,0.01,
-11.44,7.34,148.49,0.01,
-11.21,7.26,148.41,0.01,
-11.11,7.21,148.38,0.01,
-11.02,7.16,148.34,0.01,
-10.93,7.10,148.31,0.01,
-10.86,7.04,148.26,0.01,
-10.73,6.91,148.17,0.01,
-10.68,6.84,148.12,0.01,
-10.63,6.77,148.08,0.01,
-10.57,6.50,147.92,0.01,
-10.57,6.44,147.87,0.01,
-10.58,6.38,147.83,0.01,
-10.61,6.32,147.79,0.01,
-10.67,6.21,147.74,0.01,
-10.72,6.16,147.71,0.01,
-10.78,6.12,147.69,0.01,
-10.92,6.04,147.64,0.01,
-11.00,6.01,147.62,0.01,
-11.09,5.98,147.60,0.01,
-11.19,5.95,147.58,0.01,
-11.29,5.92,147.57,0.01,
-11.40,5.89,147.56,0.01,
-11.52,5.87,147.55,0.01,
-11.79,5.82,147.52,0.01,
-11.93,5.79,147.50,0.01,
-12.08,5.77,147.48,0.01,
-12.24,5.74,147.47,0.01,
-12.40,5.71,147.46,0.01,
-12.56,5.68,147.44,0.01,
-12.74,5.64,147.43,0.01,
-12.92,5.61,147.41,0.01,
-13.11,5.57,147.39,0.01,
-13.30,5.53,147.36,0.01,
-13.50,5.49,147.34,0.01,
-13.70,5.44,147.31,0.01,
-13.91,5.40,147.28,0.01,
-14.12,5.35,147.26,0.01,
-14.33,5.31,147.24,0.01,
-14.55,5.26,147.22,0.01,
-14.78,5.21,147.20,0.01,
-15.00,5.16,147.18,0.01,
-15.71,5.03,147.11,0.01,
-16.42,4.90,147.05,0.01,
-16.67,4.86,147.04,0.01,
-16.91,4.83,147.02,0.01,
-17.16,4.79,147.01,0.01,
-17.41,4.76,147.00,0.01,
-17.65,4.73,146.98,0.01,
-17.90,4.70,146.97,0.01,
-18.14,4.67,146.95,0.01,
-18.38,4.65,146.94,0.01,
-18.87,4.59,146.93,0.01,
-19.11,4.57,146.92,0.01,
-19.35,4.54,146.92,0.01,
-19.83,4.49,146.89,0.01,
-20.06,4.47,146.87,0.01,
-20.29,4.44,146.86,0.01,
-20.51,4.41,146.84,0.01,
-20.73,4.39,146.83,0.01,
-20.94,4.35,146.82,0.01,
-21.15,4.32,146.81,0.01,
-21.36,4.29,146.80,0.01,
-21.57,4.26,146.78,0.01,
-21.76,4.22,146.76,0.01,
-21.96,4.19,146.73,0.01,
-22.14,4.15,146.71,0.01,
-22.33,4.12,146.69,0.01,
-22.50,4.08,146.67,0.01,
-22.68,4.04,146.65,0.01,
-22.84,4.00,146.63,0.01,
-23.00,3.96,146.60,0.01,
-23.15,3.93,146.58,0.01,
-23.29,3.89,146.55,0.01,
-23.43,3.85,146.52,0.01,
-23.56,3.82,146.49,0.01,
-23.69,3.78,146.47,0.01,
-23.81,3.75,146.45,0.01,
-23.92,3.72,146.43,0.01,
-24.02,3.68,146.41,0.01,
-24.11,3.65,146.39,0.01,
-24.20,3.62,146.36,0.01,
-24.28,3.60,146.34,0.01,
-24.35,3.57,146.31,0.01,
-24.42,3.54,146.29,0.01,
-24.48,3.51,146.27,0.01,
-24.52,3.49,146.25,0.01,
-24.56,3.46,146.23,0.01,
-24.59,3.44,146.21,0.01,
-24.62,3.41,146.19,0.01,
-24.64,3.39,146.16,0.01,
-24.65,3.36,146.14,0.01,
-24.65,3.34,146.11,0.01,
-24.65,3.31,146.09,0.01,
-24.64,3.29,146.06,0.01,
-24.62,3.26,146.04,0.01,
-24.59,3.23,146.01,0.01,
-24.56,3.20,145.98,0.01,
-24.52,3.17,145.95,0.01,
-24.47,3.15,145.92,0.01,
-24.42,3.12,145.89,0.01,
-24.36,3.09,145.85,0.01,
-24.30,3.06,145.82,0.01,
-24.23,3.03,145.79,0.01,
-24.15,2.99,145.75,0.01,
-24.07,2.96,145.72,0.01,
-23.99,2.93,145.69,0.01,
-23.90,2.90,145.65,0.01,
-23.81,2.87,145.62,0.01,
-23.72,2.84,145.58,0.01,
-23.61,2.82,145.54,0.01,
-23.50,2.79,145.51,0.01,
-23.39,2.76,145.47,0.01,
-23.27,2.74,145.44,0.01,
-23.15,2.71,145.41,0.01,
-23.02,2.69,145.38,0.01,
-22.89,2.66,145.35,0.01,
-22.76,2.64,145.32,0.01,
-22.62,2.62,145.29,0.01,
-22.48,2.60,145.25,0.01,
-22.34,2.58,145.22,0.01,
-22.04,2.53,145.16,0.01,
-21.88,2.51,145.13,0.01,
-21.73,2.49,145.10,0.01,
-21.57,2.47,145.07,0.01,
-21.41,2.44,145.03,0.01,
-21.25,2.42,145.00,0.01,
-21.09,2.40,144.96,0.01,
-20.92,2.37,144.92,0.01,
-20.76,2.35,144.89,0.01,
-20.59,2.32,144.86,0.01,
-20.26,2.27,144.79,0.01,
-20.10,2.24,144.75,0.01,
-19.93,2.21,144.71,0.01,
-19.76,2.19,144.67,0.01,
-19.59,2.16,144.63,0.01,
-19.42,2.14,144.59,0.01,
-19.25,2.11,144.56,0.01,
-19.09,2.08,144.53,0.01,
-18.92,2.06,144.49,0.01,
-18.76,2.03,144.46,0.01,
-18.59,2.00,144.42,0.01,
-18.43,1.98,144.38,0.01,
-18.27,1.96,144.34,0.01,
-18.11,1.93,144.31,0.01,
-17.96,1.91,144.28,0.01,
-17.81,1.88,144.25,0.01,
-17.66,1.86,144.21,0.01,
-17.51,1.84,144.18,0.01,
-17.36,1.82,144.15,0.01,
-17.22,1.80,144.12,0.01,
-17.09,1.78,144.08,0.01,
-16.95,1.76,144.05,0.01,
-16.82,1.74,144.02,0.01,
-16.70,1.72,143.99,0.01,
-16.57,1.69,143.96,0.01,
-16.46,1.68,143.93,0.01,
-16.34,1.65,143.90,0.01,
-16.23,1.63,143.86,0.01,
-16.13,1.61,143.83,0.01,
-15.94,1.57,143.77,0.01,
-15.85,1.55,143.74,0.01,
-15.76,1.53,143.71,0.01,
-15.69,1.51,143.68,0.01,
-15.61,1.49,143.65,0.01,
-15.54,1.47,143.62,0.01,
-15.48,1.44,143.59,0.01,
-15.43,1.42,143.56,0.01,
-15.38,1.40,143.53,0.01,
-15.33,1.38,143.50,0.01,
-15.26,1.34,143.44,0.01,
-15.24,1.32,143.41,0.01,
-15.22,1.30,143.39,0.01,
-15.20,1.28,143.36,0.01,
-15.19,1.26,143.33,0.01,
-15.19,1.24,143.30,0.01,
-15.19,1.22,143.28,0.01,
-15.21,1.20,143.26,0.01,
-15.22,1.18,143.23,0.01,
-15.28,1.14,143.18,0.01,
-15.32,1.12,143.15,0.01,
-15.36,1.11,143.13,0.01,
-15.40,1.09,143.11,0.01,
-15.46,1.07,143.09,0.01,
-15.52,1.05,143.07,0.01,
-15.58,1.03,143.04,0.01,
-15.65,1.02,143.02,0.01,
-15.73,1.00,143.00,0.01,
-15.81,0.98,142.97,0.01,
-15.90,0.96,142.95,0.01,
-15.99,0.95,142.93,0.01,
-16.09,0.93,142.91,0.01,
-16.19,0.91,142.89,0.01,
-16.30,0.89,142.87,0.01,
-16.41,0.87,142.85,0.01,
-16.52,0.85,142.82,0.01,
-16.64,0.84,142.80,0.01,
-16.76,0.82,142.78,0.01,
-17.02,0.78,142.74,0.01,
-17.16,0.77,142.73,0.01,
-17.30,0.75,142.71,0.01,
-17.44,0.73,142.69,0.01,
-17.58,0.71,142.67,0.01,
-17.73,0.70,142.65,0.01,
-17.88,0.68,142.63,0.01,
-18.03,0.67,142.61,0.01,
-18.19,0.65,142.59,0.01,
-18.35,0.63,142.58,0.01,
-18.50,0.62,142.56,0.01,
-18.67,0.60,142.54,0.01,
-18.83,0.59,142.53,0.01,
-18.99,0.57,142.51,0.01,
-19.16,0.56,142.49,0.01,
-19.32,0.54,142.47,0.01,
-19.49,0.53,142.46,0.01,
-19.65,0.52,142.44,0.01,
-19.82,0.50,142.43,0.01,
-19.99,0.49,142.41,0.01,
-20.32,0.46,142.38,0.01,
-20.48,0.45,142.36,0.01,
-20.65,0.43,142.34,0.01,
-20.81,0.42,142.33,0.01,
-20.97,0.40,142.31,0.01,
-21.13,0.39,142.29,0.01,
-21.28,0.37,142.28,0.01,
-21.44,0.36,142.26,0.01,
-21.59,0.34,142.24,0.01,
-21.74,0.33,142.22,0.01,
-21.89,0.31,142.20,0.01,
-22.03,0.30,142.19,0.01,
-22.18,0.28,142.17,0.01,
-22.32,0.26,142.15,0.01,
-22.45,0.25,142.13,0.01,
-22.59,0.23,142.11,0.01,
-22.72,0.22,142.09,0.01,
-22.84,0.20,142.07,0.01,
-22.96,0.19,142.05,0.01,
-23.08,0.17,142.03,0.01,
-23.19,0.16,142.01,0.01,
-23.30,0.14,141.99,0.01,
-23.40,0.13,141.97,0.01,
-23.50,0.11,141.95,0.01,
-23.60,0.10,141.93,0.01,
-23.69,0.08,141.91,0.01,
-23.77,0.07,141.89,0.01,
-23.85,0.06,141.87,0.01,
-23.93,0.04,141.85,0.01,
-24.00,0.03,141.83,0.01,
-24.06,0.02,141.81,0.01,
-24.12,0.00,141.79,0.01,
-24.17,-0.01,141.76,0.01,
-24.22,-0.02,141.74,0.01,
-24.26,-0.03,141.72,0.01,
-24.30,-0.05,141.70,0.01,
-24.33,-0.06,141.67,0.01,
-24.36,-0.07,141.65,0.01,
-24.38,-0.08,141.63,0.01,
-24.39,-0.10,141.60,0.01,
-24.41,-0.12,141.55,0.01,
-24.41,-0.14,141.53,0.01,
-24.40,-0.15,141.50,0.01,
-24.39,-0.16,141.47,0.01,
-24.37,-0.17,141.45,0.01,
-24.35,-0.19,141.42,0.01,
-24.32,-0.20,141.39,0.01,
-24.28,-0.21,141.37,0.01,
-24.24,-0.22,141.34,0.01,
-24.20,-0.24,141.31,0.01,
-24.15,-0.25,141.29,0.01,
-24.10,-0.26,141.26,0.01,
-24.05,-0.28,141.23,0.01,
-23.99,-0.29,141.20,0.01,
-23.93,-0.30,141.17,0.01,
-23.86,-0.32,141.14,0.01,
-23.79,-0.33,141.11,0.01,
-23.71,-0.34,141.08,0.01,
-23.64,-0.35,141.06,0.01,
-23.56,-0.37,141.03,0.01,
-23.48,-0.38,141.00,0.01,
-23.39,-0.39,140.97,0.01,
-23.31,-0.40,140.94,0.01,
-23.22,-0.41,140.91,0.01,
-23.12,-0.43,140.88,0.01,
-23.03,-0.44,140.85,0.01,
-22.92,-0.45,140.82,0.01,
-22.82,-0.46,140.79,0.01,
-22.72,-0.47,140.76,0.01,
-22.61,-0.48,140.73,0.01,
-22.50,-0.49,140.70,0.01,
-22.39,-0.50,140.68,0.01,
-22.28,-0.51,140.65,0.01,
-22.17,-0.52,140.62,0.01,
-22.06,-0.53,140.59,0.01,
-21.94,-0.54,140.56,0.01,
-21.82,-0.55,140.53,0.01,
-21.71,-0.56,140.50,0.01,
-21.59,-0.57,140.46,0.01,
-21.47,-0.58,140.43,0.01,
-21.24,-0.61,140.37,0.01,
-21.12,-0.62,140.34,0.01,
-21.00,-0.63,140.31,0.01,
-20.89,-0.64,140.27,0.01,
-20.77,-0.65,140.24,0.01,
-20.65,-0.67,140.21,0.01,
-20.53,-0.68,140.18,0.01,
-20.42,-0.69,140.15,0.01,
-20.30,-0.70,140.12,0.01,
-20.19,-0.71,140.09,0.01,
-20.08,-0.72,140.06,0.01,
-19.97,-0.74,140.03,0.01,
-19.86,-0.75,140.00,0.01,
-19.75,-0.76,139.97,0.01,
-19.64,-0.77,139.94,0.01,
-19.54,-0.78,139.91,0.01,
-19.44,-0.79,139.88,0.01,
-19.34,-0.80,139.85,0.01,
-19.24,-0.81,139.82,0.01,
-19.14,-0.82,139.79,0.01,
-19.05,-0.83,139.77,0.01,
-18.96,-0.84,139.74,0.01,
-18.87,-0.85,139.71,0.01,
-18.79,-0.86,139.68,0.01,
-18.70,-0.87,139.65,0.01,
-18.63,-0.88,139.62,0.01,
-18.55,-0.89,139.60,0.01,
-18.48,-0.90,139.57,0.01,
-18.41,-0.91,139.54,0.01,
-18.28,-0.93,139.48,0.01,
-18.23,-0.94,139.46,0.01,
-18.17,-0.95,139.43,0.01,
-18.12,-0.96,139.40,0.01,
-18.07,-0.97,139.38,0.01,
-18.03,-0.98,139.35,0.01,
-17.99,-0.99,139.32,0.01,
-17.96,-1.00,139.29,0.01,
-17.93,-1.01,139.27,0.01,
-17.86,-1.04,139.19,0.01,
-17.85,-1.05,139.17,0.01,
-17.84,-1.06,139.14,0.01,
-17.83,-1.06,139.12,0.01,
-17.83,-1.07,139.09,0.01,
-17.83,-1.08,139.06,0.01,
-17.84,-1.09,139.04,0.01,
-17.85,-1.09,139.02,0.01,
-17.87,-1.10,139.00,0.01,
-17.91,-1.12,138.95,0.01,
-17.94,-1.13,138.93,0.01,
-17.97,-1.14,138.91,0.01,
-18.01,-1.15,138.88,0.01,
-18.05,-1.16,138.86,0.01,
-18.09,-1.17,138.84,0.01,
-18.14,-1.17,138.82,0.01,
-18.19,-1.18,138.80,0.01,
-18.24,-1.19,138.77,0.01,
-18.30,-1.20,138.75,0.01,
-18.36,-1.21,138.73,0.01,
-18.43,-1.21,138.71,0.01,
-18.50,-1.22,138.69,0.01,
-18.57,-1.23,138.67,0.01,
-18.64,-1.24,138.65,0.01,
-18.72,-1.25,138.63,0.01,
-18.80,-1.25,138.61,0.01,
-18.88,-1.26,138.58,0.01,
-18.97,-1.27,138.56,0.01,
-19.15,-1.29,138.52,0.01,
-19.24,-1.29,138.50,0.01,
-19.34,-1.30,138.49,0.01,
-19.43,-1.31,138.47,0.01,
-19.53,-1.31,138.45,0.01,
-19.64,-1.32,138.43,0.01,
-19.74,-1.33,138.41,0.01,
-19.84,-1.33,138.39,0.01,
-19.95,-1.34,138.37,0.01,
-20.06,-1.35,138.35,0.01,
-20.27,-1.36,138.32,0.01,
-20.38,-1.37,138.30,0.01,
-20.49,-1.37,138.28,0.01,
-20.60,-1.38,138.26,0.01,
-20.71,-1.38,138.24,0.01,
-20.82,-1.39,138.23,0.01,
-20.93,-1.40,138.21,0.01,
-21.04,-1.40,138.19,0.01,
-21.15,-1.41,138.17,0.01,
-21.36,-1.42,138.14,0.01,
-21.47,-1.43,138.12,0.01,
-21.57,-1.44,138.10,0.01,
-21.68,-1.44,138.08,0.01,
-21.78,-1.45,138.06,0.01,
-21.88,-1.46,138.04,0.01,
-21.99,-1.46,138.02,0.01,
-22.09,-1.47,138.00,0.01,
-22.18,-1.48,137.99,0.01,
-22.28,-1.49,137.97,0.01,
-22.37,-1.50,137.95,0.01,
-22.46,-1.50,137.93,0.01,
-22.55,-1.51,137.91,0.01,
-22.64,-1.52,137.89,0.01,
-22.72,-1.52,137.87,0.01,
-22.80,-1.53,137.85,0.01,
-22.88,-1.54,137.83,0.01,
-22.96,-1.54,137.81,0.01,
